-123.7 47.5 -26.913
-123.7 47.6 -27.163
-123.7 47.7 -27.469
-123.7 47.8 -27.931
-123.7 47.9 -28.562
-123.7 48 -29.4
-123.7 48.1 -30.504
-123.7 48.2 -31.897
-123.7 48.3 -33.523
-123.6 47.5 -28.675
-123.6 47.6 -28.863
-123.6 47.7 -29.106
-123.6 47.8 -29.484
-123.6 47.9 -30.047
-123.6 48 -30.85
-123.6 48.1 -31.941
-123.6 48.2 -33.231
-123.6 48.3 -34.757
-123.5 47.5 -30.419
-123.5 47.6 -30.539
-123.5 47.7 -30.737
-123.5 47.8 -31.058
-123.5 47.9 -31.575
-123.5 48 -32.318
-123.5 48.1 -33.318
-123.5 48.2 -34.563
-123.5 48.3 -36.052
-123.4 47.5 -32.127
-123.4 47.6 -32.203
-123.4 47.7 -32.369
-123.4 47.8 -32.655
-123.4 47.9 -33.135
-123.4 48 -33.84
-123.4 48.1 -34.746
-123.4 48.2 -35.909
-123.4 48.3 -37.33
-123.3 47.5 -33.833
-123.3 47.6 -33.87
-123.3 47.7 -34.001
-123.3 47.8 -34.256
-123.3 47.9 -34.703
-123.3 48 -35.36
-123.3 48.1 -36.219
-123.3 48.2 -37.305
-123.3 48.3 -38.619
-123.2 47.5 -35.593
-123.2 47.6 -35.612
-123.2 47.7 -35.734
-123.2 47.8 -35.994
-123.2 47.9 -36.42
-123.2 48 -37.008
-123.2 48.1 -37.75
-123.2 48.2 -38.697
-123.2 48.3 -39.966
-123.1 47.5 -37.438
-123.1 47.6 -37.463
-123.1 47.7 -37.584
-123.1 47.8 -37.829
-123.1 47.9 -38.213
-123.1 48 -38.736
-123.1 48.1 -39.387
-123.1 48.2 -40.243
-123.1 48.3 -41.614
-123 47.5 -39.293
-123 47.6 -39.327
-123 47.7 -39.452
-123 47.8 -39.681
-123 47.9 -40.016
-123 48 -40.468
-123 48.1 -41.089
-123 48.2 -41.985
-123 48.3 -43.238
-122.9 47.5 -41.107
-122.9 47.6 -41.126
-122.9 47.7 -41.221
-122.9 47.8 -41.424
-122.9 47.9 -41.736
-122.9 48 -42.176
-122.9 48.1 -42.788
-122.9 48.2 -43.71
-122.9 48.3 -44.941
-122.8 47.5 -42.887
-122.8 47.6 -42.884
-122.8 47.7 -42.955
-122.8 47.8 -43.144
-122.8 47.9 -43.446
-122.8 48 -43.882
-122.8 48.1 -44.49
-122.8 48.2 -45.434
-122.8 48.3 -46.902
-122.7 47.5 -44.658
-122.7 47.6 -44.636
-122.7 47.7 -44.701
-122.7 47.8 -44.88
-122.7 47.9 -45.212
-122.7 48 -45.703
-122.7 48.1 -46.413
-122.7 48.2 -47.472
-122.7 48.3 -48.871
-122.6 47.5 -47.04
-122.6 47.6 -46.866
-122.6 47.7 -46.847
-122.6 47.8 -46.929
-122.6 47.9 -47.198
-122.6 48 -47.679
-122.6 48.1 -48.386
-122.6 48.2 -49.414
-122.6 48.3 -51.103
