KSXB ME01 YBH  ME03 ME02 KRMB B039 ME09 ME10 KHBB WDC   
Threshhold: 8 
048 080421 5 1982.200 0.09931 
048 080421 12 1272.275 0.13543 
048 080421 13 1698.500 0.15747 
048 080421 13 1805.225 0.14572 
048 080421 13 3064.125 0.13432 
048 080421 14 2221.850 0.17110 
048 080421 14 2406.900 0.12645 
048 080421 14 2544.075 0.10381 
048 080421 14 2561.600 0.12271 
048 080421 14 2583.725 0.14280 
048 080421 14 2615.025 0.14535 
048 080421 14 2668.875 0.13250 
048 080421 14 2754.400 0.10142 
048 080421 14 2810.575 0.13049 
048 080421 14 2836.700 0.13067 
048 080421 14 2842.250 0.19824 
048 080421 14 2859.500 0.34268 
048 080421 14 2884.100 0.12239 
048 080421 14 2886.425 0.15359 
048 080421 14 2958.425 0.15884 
048 080421 14 3021.225 0.12254 
048 080421 14 3041.775 0.20153 
048 080421 14 3046.275 0.16915 
048 080421 14 3047.475 0.20872 
048 080421 14 3054.375 0.16115 
048 080421 14 3056.800 0.13325 
048 080421 14 3097.625 0.19805 
048 080421 14 3133.375 0.23475 
048 080421 14 3181.325 0.16212 
048 080421 14 3185.125 0.14470 
048 080421 14 3189.125 0.19159 
048 080421 14 3197.775 0.12362 
048 080421 14 3206.750 0.18481 
048 080421 14 3208.875 0.15226 
048 080421 14 3224.650 0.14225 
048 080421 14 3228.675 0.16107 
048 080421 14 3303.500 0.11342 
048 080421 14 3310.625 0.23163 
048 080421 14 3367.475 0.13679 
048 080421 14 3370.400 0.11916 
048 080421 14 3450.200 0.10453 
048 080421 14 3466.600 0.17932 
048 080421 14 3482.675 0.09815 
048 080421 14 3548.825 0.14127 
048 080421 14 3562.900 0.10290 
048 080421 15 85.350 0.14151 
048 080421 15 90.300 0.14755 
048 080421 15 107.375 0.13551 
048 080421 15 325.875 0.16545 
048 080421 15 337.300 0.10692 
048 080421 15 341.200 0.09929 
048 080421 15 382.375 0.12386 
048 080421 15 384.925 0.12907 
048 080421 15 392.225 0.35452 
048 080421 15 403.700 0.16085 
048 080421 15 889.475 0.15091 
048 080421 15 912.875 0.10764 
048 080421 15 924.850 0.13888 
048 080421 15 941.950 0.12194 
048 080421 15 952.150 0.11608 
048 080421 15 954.100 0.10333 
048 080421 15 960.900 0.09970 
048 080421 15 963.975 0.10976 
048 080421 15 967.475 0.15184 
048 080421 15 975.850 0.11602 
048 080421 15 1008.125 0.16502 
048 080421 15 1012.600 0.15659 
048 080421 15 1032.600 0.11748 
048 080421 15 1208.050 0.15080 
048 080421 15 1751.175 0.12772 
048 080421 15 2873.725 0.12522 
048 080421 15 2897.375 0.11018 
048 080421 15 2918.325 0.15844 
048 080421 15 2998.350 0.19512 
048 080421 15 3032.200 0.14836 
048 080421 16 3017.525 0.10145 
048 080421 16 3020.425 0.12663 
048 080421 16 3135.500 0.12725 
048 080421 16 3144.475 0.13114 
048 080421 16 3147.850 0.11674 
048 080421 16 3156.600 0.10836 
048 080421 16 3176.450 0.09995 
048 080421 16 3178.725 0.12151 
048 080421 16 3180.975 0.13941 
048 080421 16 3201.550 0.13495 
048 080421 16 3215.225 0.18508 
048 080421 16 3225.450 0.22452 
048 080421 16 3239.250 0.12045 
048 080421 16 3258.125 0.16691 
048 080421 16 3260.050 0.19331 
048 080421 16 3273.100 0.13049 
048 080421 16 3279.250 0.15661 
048 080421 16 3296.175 0.14105 
048 080421 16 3308.950 0.21810 
048 080421 17 74.150 0.12087 
048 080421 17 77.950 0.15272 
048 080421 17 157.525 0.11673 
048 080421 17 264.750 0.15982 
048 080421 17 505.100 0.12973 
048 080421 17 521.725 0.14215 
048 080421 17 525.150 0.15082 
048 080421 17 532.300 0.13069 
048 080421 17 629.975 0.17411 
048 080421 17 631.350 0.16842 
048 080421 17 903.625 0.12074 
048 080421 17 2794.350 0.11209 
048 080421 17 3265.600 0.15584 
048 080421 17 3278.275 0.11072 
048 080421 17 3314.725 0.14719 
048 080421 17 3316.675 0.14470 
048 080421 17 3398.175 0.09824 
048 080421 17 3418.725 0.17128 
048 080421 23 1575.275 0.10236 
048 080421 23 1632.825 0.09857 
048 080421 23 1647.650 0.13357 
048 080421 23 1665.300 0.17303 
048 080421 23 1682.500 0.12717 
048 080421 23 1685.425 0.11644 
048 080421 23 1689.775 0.11040 
048 080421 23 1723.975 0.11414 
048 080421 23 1725.200 0.11231 
048 080421 23 1741.950 0.20223 
048 080421 23 1749.250 0.13693 
048 080421 23 1867.275 0.11517 
048 080421 23 1868.650 0.11063 
048 080421 23 1886.700 0.13190 
048 080422 2 346.350 0.15697 
048 080422 2 360.500 0.18650 
048 080422 2 379.200 0.11794 
048 080422 2 408.775 0.16567 
048 080422 2 431.375 0.18598 
048 080422 2 453.175 0.17405 
048 080422 2 481.300 0.13372 
048 080422 2 486.975 0.16148 
048 080422 2 531.275 0.16132 
048 080422 2 550.625 0.10032 
048 080422 2 557.875 0.17509 
048 080422 2 723.400 0.16579 
048 080422 2 778.000 0.09907 
048 080422 2 853.775 0.14091 
048 080422 2 877.725 0.13021 
048 080422 2 887.925 0.11899 
048 080422 2 908.675 0.10679 
048 080422 2 912.600 0.16269 
048 080422 2 964.775 0.14479 
048 080422 2 981.700 0.15528 
048 080422 2 982.875 0.10042 
048 080422 2 989.025 0.17605 
048 080422 2 997.950 0.12971 
048 080422 2 1006.850 0.15282 
048 080422 2 1036.575 0.10113 
048 080422 2 1038.575 0.13129 
048 080422 2 1041.000 0.16789 
048 080422 2 1042.150 0.17941 
048 080422 2 1051.500 0.13546 
048 080422 2 1052.625 0.17053 
048 080422 2 1053.850 0.15893 
048 080422 2 1073.125 0.12866 
048 080422 2 1092.550 0.15947 
048 080422 2 1159.000 0.15187 
048 080422 2 1185.375 0.09952 
048 080422 2 1187.325 0.16503 
048 080422 2 1196.600 0.14479 
048 080422 4 764.125 0.15380 
048 080422 4 1225.050 0.16371 
048 080422 4 1297.950 0.13922 
048 080422 4 1307.650 0.11649 
048 080422 4 1313.525 0.20204 
048 080422 4 1364.400 0.10680 
048 080422 4 1373.500 0.10659 
048 080422 4 1376.925 0.13812 
048 080422 4 1422.875 0.12029 
048 080422 4 1428.875 0.15876 
048 080422 4 1595.125 0.13473 
048 080422 4 1622.425 0.13384 
048 080422 4 1625.800 0.17872 
048 080422 4 1632.625 0.12887 
048 080422 4 1638.525 0.12604 
048 080422 4 1681.550 0.14692 
048 080422 4 2605.775 0.12532 
048 080422 4 2890.200 0.12300 
048 080422 4 2917.775 0.13922 
048 080422 4 2919.700 0.13271 
048 080422 4 3178.575 0.11464 
048 080422 4 3192.875 0.10356 
048 080422 4 3204.175 0.14017 
048 080422 4 3227.825 0.16316 
048 080422 4 3232.150 0.15063 
048 080422 4 3238.225 0.15618 
048 080422 4 3261.300 0.12520 
048 080422 4 3266.025 0.14035 
048 080422 4 3277.150 0.22321 
048 080422 5 310.525 0.11585 
048 080422 9 2885.100 0.14202 
048 080422 12 2579.150 0.10953 
048 080422 12 3119.875 0.12514 
048 080422 12 3282.175 0.09888 
048 080422 12 3533.975 0.18220 
048 080422 12 3552.650 0.14580 
048 080422 12 3566.250 0.22344 
048 080422 13 18.100 0.14596 
048 080422 13 42.825 0.11082 
048 080422 13 78.550 0.13576 
048 080422 13 85.600 0.19205 
048 080422 13 206.050 0.14228 
048 080423 3 2405.350 0.10133 
048 080423 3 3455.775 0.11071 
048 080423 3 3474.750 0.17901 
048 080423 4 32.825 0.16497 
048 080423 4 41.625 0.14187 
048 080423 4 44.525 0.11834 
048 080423 4 72.100 0.11252 
048 080423 4 185.100 0.15037 
048 080423 4 190.725 0.15274 
048 080423 4 253.350 0.12275 
048 080423 4 627.450 0.13492 
048 080423 4 647.525 0.16854 
048 080423 4 944.275 0.12217 
048 080423 4 2736.550 0.16469 
048 080423 7 1932.300 0.13019 
048 080423 7 3372.600 0.10468 
048 080427 5 2958.600 0.08853 
048 080427 14 2439.400 0.08941 
048 080428 9 683.400 0.08508 
048 080428 9 1702.600 0.08164 
