-122.830000  48.090000
-122.920000  48.080000
-123.240000  47.700000
-122.950000  47.770000
-123.190000  47.770000
-122.890000  47.910000
-123.210000  47.780000
-122.980000  47.940000
-122.997559  47.915727
-122.994336  47.913851
-123.203760  47.938481
-122.990000  47.950000
-122.950000  48.010000
-123.350000  48.210000
-122.967855  47.917460
-122.987907  47.896269
-123.244409  47.931421
-122.929126  48.015279
-123.254036  47.958101
-123.196370  47.992619
-123.174544  48.023482
-123.190348  48.006173
-123.276522  48.017509
-122.933179  48.054635
-123.215617  47.984831
-123.001123  47.913684
-123.157804  48.108748
-123.121102  48.138855
-123.146159  48.116121
-123.153223  48.109595
-123.158765  48.167839
-123.137516  48.116418
-123.084814  48.149919
-123.119971  48.138981
-123.000000  47.900000
-123.280000  47.730000
-123.400000  48.210000
-122.930000  48.000000
-123.250000  48.020000
-122.890000  48.100000