-122.900000  47.940000
-122.640000  47.890000
-122.980000  47.940000
-122.890000  48.000000
-122.942993  47.923547
-122.969059  47.982747
-123.400000  47.950000
-122.992179  48.035111
-122.950000  48.290000
-123.020000  48.300000
-123.135539  48.162105
-123.000000  47.960000
-123.000000  47.960000
-123.020000  47.950000
-122.980000  47.940000
-122.920000  47.980000
-123.010000  47.940000
-123.020000  48.040000
-122.880000  48.010000
-122.950000  47.940000
-122.920000  47.990000
-122.960000  47.950000
-122.930000  47.960000
-122.970000  47.940000
-122.890000  47.960000
-122.930000  48.270000
-122.630000  47.890000
-122.680000  47.870000
-122.880000  47.990000