-122.830000  48.090000  0.224446  0.224446
-122.920000  48.080000  0.220447  0.220447
-122.900000  47.940000  0.188961  0.188961
-123.240000  47.700000  0.239800  0.239800
-122.950000  47.770000  0.212344  0.212344
-123.190000  47.770000  0.233023  0.233023
-122.890000  47.910000  0.208883  0.208883
-123.210000  47.780000  0.229975  0.229975
-122.980000  47.940000  0.206717  0.206717
-122.997559  47.915727  0.216967  0.216967
-122.994336  47.913851  0.220735  0.220735
-122.640000  47.890000  0.102894  0.102894
-123.203760  47.938481  0.211315  0.211315
-122.990000  47.950000  0.202946  0.202946
-122.980000  47.940000  0.197988  0.197988
-122.950000  48.010000  0.214920  0.214920
-122.890000  48.000000  0.183988  0.183988
-123.350000  48.210000  0.225663  0.225663
-122.942993  47.923547  0.186790  0.186790
-122.967855  47.917460  0.202678  0.202678
-122.987907  47.896269  0.208436  0.208436
-122.969059  47.982747  0.194684  0.194684
-123.244409  47.931421  0.237742  0.237742
-122.929126  48.015279  0.203371  0.203371
-123.254036  47.958101  0.237674  0.237674
-123.196370  47.992619  0.215317  0.215317
-123.174544  48.023482  0.204121  0.204121
-123.190348  48.006173  0.240978  0.240978
-123.400000  47.950000  0.190757  0.190757
-122.992179  48.035111  0.182240  0.182240
-123.276522  48.017509  0.221964  0.221964
-122.933179  48.054635  0.205742  0.205742
-123.215617  47.984831  0.236967  0.236967
-123.001123  47.913684  0.221815  0.221815
-123.157804  48.108748  0.230587  0.230587
-122.950000  48.290000  0.177574  0.177574
-123.121102  48.138855  0.211740  0.211740
-123.020000  48.300000  0.176395  0.176395
-123.146159  48.116121  0.233468  0.233468
-123.153223  48.109595  0.231759  0.231759
-123.135539  48.162105  0.179674  0.179674
-123.158765  48.167839  0.200650  0.200650
-123.137516  48.116418  0.232770  0.232770
-123.084814  48.149919  0.212380  0.212380
-123.119971  48.138981  0.209066  0.209066
-123.000000  47.960000  0.196187  0.196187
-123.000000  47.960000  0.194400  0.194400
-123.000000  47.900000  0.217399  0.217399
-123.020000  47.950000  0.196679  0.196679
-122.980000  47.940000  0.193063  0.193063
-122.920000  47.980000  0.164977  0.164977
-123.280000  47.730000  0.213451  0.213451
-123.010000  47.940000  0.184412  0.184412
-123.020000  48.040000  0.161445  0.161445
-123.400000  48.210000  0.230120  0.230120
-122.930000  48.000000  0.200564  0.200564
-123.250000  48.020000  0.202928  0.202928
-122.880000  48.010000  0.178947  0.178947
-122.950000  47.940000  0.160098  0.160098
-122.920000  47.990000  0.196111  0.196111
-122.960000  47.950000  0.188252  0.188252
-122.930000  47.960000  0.186941  0.186941
-122.970000  47.940000  0.195423  0.195423
-122.890000  47.960000  0.182285  0.182285
-122.930000  48.270000  0.155212  0.155212
-122.630000  47.890000  0.106195  0.106195
-122.680000  47.870000  0.102989  0.102989
-122.880000  47.990000  0.182416  0.182416
-122.890000  48.100000  0.229734  0.229734