-0.518773802487295
0.082329246498294
-0.821038485923551
1.38136479109912
0.719236128491976
-0.449824551920633
0.533388900114338
0.989201341698422
1.02369459858341
0.22868555415076
1.86022257281201
1.18448111781609
0.117662765384956
-1.79267955987582
0.875434057546517
0.261356049032613
0.243457910414471
1.19880912985927
1.365293098052
1.29011041822034
1.66893654158528
1.68840235919978
1.05749450779149
-1.1518967272219
0.760665247957501
0.41770198498133
0.281570862022197
-1.08736590143005
-0.530173542993112
0.375470126844364
1.55761475690457
0.518145205168795
0.8506278935327
0.4864868852381
-0.917712954545984
-0.398001393919717
-0.377184203163123
-0.0689188961845826
1.15912430736115
1.20470663653292
0.421789737132924
0.17375705697336
1.01714451953008
1.09369103857289
-0.0598383908509726
-0.379860214857802
0.504939811814385
1.09527413275288
0.43688154976973
1.31502499448248
1.07351136424022
0.0744846029812251
0.750621680587101
-0.603783558873318
1.57928271900593
2.6548280767084
0.787860444563688
-0.255897442143333
0.964595523496993
0.486162416868394
2.93263052718671
1.20040120305257
1.6524894737548
1.08111764641624
0.173887383514691
0.798449370026701
-1.11850610370195
1.58178240241737
0.877184308223243
2.85325237038949
1.75786009983188
0.458693381013897
1.3979296888355
0.0169240492438354
-0.678641479024819
0.532263491291357
0.0190592217480507
0.349970076420213
0.480317633832934
-0.137323824634945
-0.289532826819322
0.037750146998486
1.39860233628926
-0.89433183005993
0.67215580997867
0.715186174217325
1.53513567508914
0.45415895755619
0.913519832928203
0.899488560182316
0.113449662092802
1.6435211317533
1.98481815545837
1.75053644692179
2.67040626509931
1.95882266110093
0.0385848643477429
0.170906688403682
-0.627152730233988
-0.199602277075164
-0.355955908686492
0.219542550221219
-0.611825867862272
0.230651484613154
-0.411649666142203
1.85636123584887
1.43379300800407
1.70671075706907
1.32987597863767
2.59134569711487
0.663683070787812
0.406818269287544
2.11113407337763
0.46153255263406
0.544576351231978
0.28364664635013
0.237054492367791
0.210958072893429
0.938733246314804
0.45701516868984
0.0392024389910936
1.7397767430816
0.636493164029089
0.485666626189825
0.481838685875973
1.26300406016848
0.694167952238648
0.630340663340659
-0.0542520559580639
0.0822051606444662
0.427371267496898
-0.149950780509383
0.810434534190664
-1.00933921619846
0.335630199363607
-1.26265229885286
-0.454551687806833
-0.587228944845171
-0.751877152173366
-0.231379053678331
-1.97093135171111
0.625566508841036
-1.61036208336928
-0.908290530954853
-1.50066981784443
-1.32202433525893
1.49423038499725
0.240135869254621
-1.16998085806333
-1.93403799189583
-0.201199600915072
-0.297312064343653
-0.532371995810015
-1.18325609827861
-1.94484312660026
-1.83376482750217
0.153240113235369
-0.934266605738848
-1.86151356541837
1.08232897781045
0.41038375588609
-0.210258559623969
0.960936266982992
1.11997739944575
-0.218625989952575
2.29277758215314
0.503655030905005
-0.97539964948862
-0.197394921611171
0.215206951498744
2.42876270324175
0.92135369911098
1.06671056060493
0.557875158606932
0.168394065666055
0.315496465446909
1.12706584148869
2.64482738681364
2.12877787452681
2.35630297682611
0.0496783498331202
1.64809103323782
1.17645471644904
-0.578877525590883
0.870896923911044
0.439358720688381
1.98208264193684
0.187046898219668
0.129401610942972
-0.492636950231961
0.00968087174375593
0.637607432350195
-0.317411475078401
1.01030955485951
-0.705720309622751
-0.964407260401334
1.31660123242957
-0.554157958858079
0.489246302714979
-0.0965889942253695
0.573151860021355
2.01908871053476
2.40272954988078
0.779445113925415
-1.51895561742999
2.49698169277451
1.60133530074925
1.47898054726468
0.934012593499316
1.31808560157475
0.723157425491885
1.15598311055605
0.41901064094366
-0.749618618611411
1.19282050538249
2.15026171494541
0.721155304620934
-0.499165869538064
0.968475141212356
0.568543501095744
-1.17204641427895
0.0291698121016799
-0.432059813220453
-0.263118124675971
-1.07856513301693
1.62076689726515
0.195471964783751
-1.28575376927973
0.0383930760430634
0.334865465590343
-0.779925523685392
-2.97124584476409
-1.47373777828972
-0.0953113046559711
-0.320180893208734
-0.306679593146141
0.388843243172993
-1.13045633227224
0.781188972776132
0.141232998661529
0.804165768795528
1.33852400376603
0.768817563630698
-0.399643880019067
1.29763366343928
-1.46581268832578
-0.717852952060378
-0.4284305000874
-0.293792596535728
0.930016631625859
0.418200752303655
0.662869671549452
0.275423099779374
0.0218580224835086
0.875094373285134
1.55195849238701
-1.72036986069503
0.385878159588219
0.544500280000517
-0.133514514151687
1.08648272427074
0.0670685239121026
-0.0293169588284536
1.03406725875991
2.18311621364478
1.17150344315147
0.347224448323673
-0.671410834645008
-0.195061052829479
-0.804387638485939
-0.337861168422009
0.365697107190984
-0.676901340682577
2.57288755791304
0.975250946838191
1.76681950696798
-1.42027439289613
0.74889907915353
-0.931311587003681
0.883374206044163
0.765855481319779
0.0363355502492218
1.59166781345481
-0.0172791813653216
-0.241259417575713
-0.821128943779471
-0.730148039130905
0.809735742582
0.708393401714278
1.37355025056492
0.22984573031007
0.755611400038427
0.723200857278777
-0.926661292145748
1.79768245814458
0.809048568337059
1.34044043261608
1.68900209830114
0.851589972208768
0.421534166720927
1.45376459893274
-0.236089058073754
2.35351755157111
0.640924798233678
2.36540258548342
2.66946112623731
1.48207706739687
1.72813750421046
0.162616372438816
1.05235029389769
1.88719234204634
1.20460723876628
0.534697014629032
0.108830650698235
0.522418922454865
1.66396392151321
0.443518383480461
0.547795660790609
-0.665408045398562
0.73392126580939
1.82354049444211
2.40265152868646
2.03407223035169
-0.622720591425358
0.978702526411104
1.19266139291761
0.488173104903259
0.836998111308493
-0.147665429404196
1.10734898541896
0.37567465103439
-1.01276163694495
-0.269887293377949
1.51647279672235
0.333864836028117
1.21071787562988
1.6494485300932
0.914758155192109
0.426110091579485
0.0792899169018451
1.18778355706061
-0.348817072826119
0.577012002068315
0.196924955064543
-1.86230427901181
-1.65353523507095
0.499897611680492
-0.0747851576763189
0.893167008680188
2.27478053261854
2.38131368064385
1.82033082623313
1.48619286252853
0.843037502798646
2.41799929694433
1.85022017367151
0.048320679855987
0.545138069799514
-1.23742892887799
-0.0848738559592402
-2.34976541015059
0.873093115913231
-0.36433750413949
-0.343936357450909
-0.122086736481285
0.702906383791928
1.02248954254886
1.09349985952507
0.0534353886946652
-0.994282906540419
-0.406421042334949
0.291691225600161
-0.621528517805976
-0.0894744081899822
-1.10130175834019
-0.231290116152333
0.0634301010201978
-0.0924474522016256
-0.117228195636858
1.80648749750541
1.38246668325471
1.80565044035901
-0.0331308744936055
0.59780820965328
1.64843926559206
0.756781903280465
-1.47233473199257
0.303137122895608
-1.65747887796117
-1.10117014873112
1.01103767812696
0.884382217781013
1.50119483741644
0.978686658850878
0.518332394522916
-0.418891424118528
1.78709479804745
0.791610917962696
-0.0959594271205796
1.20545075418942
1.71317536185225
2.77485108929279
0.694498998511241
0.454470102618593
0.244375220850885
0.147948069247039
0.0656239786359373
0.0639765999333001
1.7611557760361
0.103529034878209
0.0733122819450959
1.01604574295518
1.72488593204845
0.111206115247233
0.0016655957341013
0.89620540720422
1.59607363604371
0.59320241921612
-0.785992430995
1.892366032433
2.25731999572229
0.409788472987076
0.636376296588391
-1.10039471136786
0.68050345331235
2.05928626865608
-0.703241606506002
-0.500487984605634
-0.494480324556749
-0.611634304272455
-2.05073500325327
0.00185240994925112
-1.60224170671116
-0.474915056349183
0.354444484996449
-0.144394018662343
0.897104833293746
0.292751075141061
-0.397928975769808
0.689680626635947
-0.129684428105384
1.91120240429961
0.689737290211953
1.38814985412353
0.930765294099544
-2.34604222460979
-1.68905821731767
-0.887440071523282
-0.10383239176887
-2.44872417607207
0.218632366224833
-0.764462875849844
-1.05262688898228
-1.97258376600474
-2.19383648258923
-0.876057374104528
-0.127362783692497
-2.43941819743006
-1.93377470890047
-0.428068819243861
-1.01429870594279
1.54771607845319
1.39386005295888
0.966258032021195
0.382683094884455
0.529168634279612
-0.431292043404275
0.63033706962625
1.71500576687812
1.71148287140071
-0.0358333799331491
-1.27701648727625
-0.261769105464281
0.406163883141185
1.51701796535396
-0.759425596833531
0.386558596220878
0.444421743008066
1.46412806091846
0.573286929849799
0.0985792220682236
-0.855973676169046
-0.567094977006163
-0.452804731679539
2.25138866233048
3.13895415242758
1.05840022691551
-0.203560671215596
-1.5811332973527
0.342280003670651
-0.908971796574287
2.16255362499737
-0.191482827749318
0.359205358138524
4.11593195651308
0.332021819573586
1.01082433724093
-0.371935935445562
0.666166872034299
-0.387303650918092
0.277166113679786
0.00214449694277657
-0.954640128847628
-0.0756520209903082
1.04943115414063
2.01113721432904
-0.5458569649001
-0.0240610764987279
1.37197434179656
-0.512108754633472
-2.3661739054282
-1.45996059312986
-1.48178111593272
-0.532093457499881
-0.752176272763029
-0.126862664457186
-0.595699203136915
0.120613750980982
-0.423130512737913
1.03543024129881
-0.47603270129647
0.241955490857707
-0.796165735851363
0.0246952933883698
-0.0721969945593502
-1.69926320496172
-0.639533250087793
0.836793442578226
0.798583701250808
0.403883240323674
-0.970638516353051
0.988827416244841
0.355892558653658
-0.22883063845341
1.6950670833922
-0.191563030243231
0.491089362559313
1.57470072631987
1.24615414109465
0.366134572347322
0.0305836690514613
0.642903115769248
0.922999027213225
0.542293136970154
1.77209047522032
0.743051779560769
-0.0753040585441692
0.880797074951593
-1.66918052186717
0.207194519002742
0.630656754093694
0.0959491767970234
-0.89234875904908
-0.489629118532775
1.46105884458937
-0.270936435618055
-2.19542467268547
0.287653111332795
-0.522437343556051
-0.652961968779178
-1.42814761394888
-0.500093562132644
0.399326853978668
-0.584618232623387
-0.793955931854949
0.799814083562008
-0.110763617977432
-0.155944192779848
-0.655316058743223
0.711402660826533
-0.829633877021276
0.663266044810283
0.965950471329435
-0.112284834674786
0.967288485066822
1.37031395323138
1.16741280377909
2.64807168173544
-0.857978140582651
-0.927169812604997
-1.41534605241804
-0.153765608131623
1.50690017787382
2.14447016943451
1.33363581891797
1.64983201037068
0.740360636136844
1.13958816313078
1.11280525475637
-0.0121969368901765
0.128980810515076
0.221429286366178
1.73469671294276
-0.261129197598418
-1.79343769447077
0.498378477501992
-0.626398635683855
-0.476798253191956
0.835690604651779
-0.465687516583671
-0.318063343025254
1.49355866440459
1.03906329754404
1.08979204733831
0.473100003992468
-0.67166827224823
-1.41026829251712
-0.492603862120074
1.85604467021437
0.784255005265082
0.641587160183673
0.782047406343727
0.110302164092853
-1.08241340961198
2.57984617265907
0.426582371523185
0.202454135608111
-1.42614584626856
-0.418838757469377
-0.312053515837056
-0.294762850375774
-1.82580798853033
1.27919284495807
2.02076800357387
1.39634621808549
-0.387582911118656
0.943558937322066
0.237887730414354
0.0212241417498973
1.60049052988364
-0.557049298350259
-0.34528677154087
-0.649829323332509
-0.0440895936489509
-1.52259468035988
-1.07678145278679
0.32540148929945
0.454146063117266
-0.833701253226506
0.381702252785361
-2.34047750537663
-0.987355414744531
0.22606382352903
-0.776908529833035
-0.339220404150181
-1.81164685058281
0.209551712779178
-2.02717438554566
-1.04192659815389
-0.849019262194785
-0.465851449862787
-1.21999547466301
1.25100577303169
-1.32414740697348
-0.184969768082461
-3.18260696223418
-1.09115860732762
-0.247215688312922
-1.53222889652114
-0.0250648880351543
-0.0287094317894519
0.729728370514013
-0.80297746651793
-1.27281046674423
-2.30430190682644
-1.25524900138877
-2.11701060907372
-0.334425455876913
-0.511261558354075
1.68204427220453
-0.963213577195595
0.839934558810526
-0.457444165744426
-1.6434056364241
-0.0303965690356706
-1.70275558630283
-1.74074054244612
-1.56507520604307
-0.647171153847947
-1.61556532716854
0.239087648700847
-1.55135154655055
-0.518105658374114
-0.38722639161412
-1.50195531900607
-1.15847714333366
-1.3756921287929
0.161076286798015
1.18392153208757
-0.967649449341423
0.539957708997383
-0.130695540521849
-2.11806940581909
-1.51380788517225
-0.322990279657519
-0.332499291502862
-2.83702099496094
-0.526100431798744
0.00242092505390262
-0.689401366755297
-1.19652748671005
1.31616811176789
-0.0476520116334516
-0.147546844646941
-1.30084940897006
-1.87312378689977
-2.34267505694259
-1.5066609454339
0.402375204655831
1.3755639347075
1.67429451371157
1.69685478585203
0.323846499061234
-0.969444003690234
-0.528474682253518
-2.63882177388322
-1.21104453656539
0.943006429970654
0.0661043597506383
0.980806380694977
0.669219122829073
-0.576805747225314
1.60932983845016
0.343205263806266
-0.753605776732855
-0.0688957787692857
-1.57528429806402
0.361709251722479
0.421757814191826
-0.30433575353139
-0.596053854745596
0.700693247921559
-0.958412701245876
-1.26994562726771
-0.0715357641581876
-0.680937050623159
0.581019966063347
-0.197095544791159
1.07686118017621
0.740158571606855
-1.97358557030517
-1.83963108374688
0.564272407569544
0.570436382022748
-0.914403657305421
-1.65376291102815
0.399807814089029
-0.959905529444082
1.38412315837352
1.98352461368114
-0.855072482193379
-0.920435532884185
-1.53165721394801
0.106245868804732
-1.48198448916079
-2.60583457360021
0.991471101145991
0.869086940132407
0.908003644261447
-0.440099838308327
-0.11143640757835
0.5322279306475
-1.1799478369609
-0.471377938940778
-0.10097991695861
1.5257938009029
0.99529889228483
1.66253790919134
0.771332484975146
-0.639153267167912
-0.311897313769532
-1.68767311253442
0.448931897638214
1.40353560326256
0.331709233132325
-0.751655624412502
0.968555438344194
0.419664937730102
-0.153135004481322
1.18884507406472
-0.344800379880981
1.21772022459613
-0.402940890769548
0.459883743060768
1.11139355063092
-0.883716178785126
0.336777205775064
0.0334407646348647
0.773379134288233
-0.482682721568519
-0.0881604248774164
1.40618607002833
0.633087199861472
1.20465061309293
0.33300588111292
-0.668575908667862
0.00062957736896585
-1.13882683553423
-2.85225279923385
0.272520827767643
-1.30050284984462
-2.3371723254891
0.0863330597281157
-0.35220450130746
-0.914044011576481
-0.631967787076539
-0.836571546091271
0.532048456631662
0.653642519316998
-1.63334640534056
-0.155074857450646
0.475851461713035
0.664354795907383
-2.28015122915259
-0.902783467791253
1.46250791669169
0.992031085133738
-1.41771402555414
-2.01568291980114
-0.237167148651872
-0.533070932693144
0.600586418630174
0.278808980752495
0.0903902927614144
0.170195202849457
0.182436547398259
-1.23320191149799
1.97503258843749
-0.961841009985641
-0.186519796402917
-0.64827464684922
1.55745162643541
1.37821725351275
-0.0500344071134626
0.381772402626352
1.38357134128638
2.76148979458416
1.35044301630097
-0.209228249428301
-0.640130956744309
2.06123579572017
-1.33135320803229
2.98526105056605
0.716644488370297
0.165592158084367
0.546361021422764
1.35644165884698
0.967129205171912
-1.32686458141213
0.299599783266579
0.651623666501876
1.00848005501455
-0.526731987188754
-2.2650454678667
-0.86521926966528
-1.31432685519682
-1.27061225355402
-1.5104739397552
-1.06834469769615
-0.907691288524102
0.252157363884473
0.800468676813621
-0.694401438728709
-0.534458167291166
0.100757798692678
1.30729344764208
0.268017373454445
-1.53125748933139
-0.159090486707839
-0.287360539863366
1.60705586209417
0.747475550651863
-0.278862643708266
-0.382320083046674
-0.563625806751038
0.0215578351646273
0.138148134576075
0.943093099654653
0.614230955276305
-0.072750746847058
-0.830336758720797
0.464859290419832
0.0515432607276784
0.24915846952037
1.22301913595319
2.18270045324691
-0.121862108400465
1.95107943780048
-0.0777873256164301
0.599252317446883
0.631180618095022
0.150671799966746
1.68432755653064
0.0451665780281702
1.00895597542551
0.527536850240392
-0.481010385263955
1.34098061876425
-1.53057647216253
-0.703352847683229
-1.70665763437042
-0.314103906404363
0.0324084654896321
-1.18926943788036
0.269273343160669
-1.07815148373732
0.305556899940194
0.205056394611082
0.745940206034278
-0.708852881499211
-0.0314961831774528
-0.491066185996138
-1.61713235538602
-0.374856086126454
1.47697442159061
-0.34211403649469
-0.228732269787352
0.620252640300184
0.202608545549639
2.06343196910737
1.4155184560595
3.00539860900539
1.55769499666662
-0.151824004082757
0.866429165189884
-0.348190065313006
-0.777553362461419
-0.210424741150744
0.969767208150035
0.722759833978187
1.22678103230092
1.50904591143972
0.579616389969776
-1.85563610753716
0.562288259243697
2.38508287474542
0.920295683616861
-0.700419661185403
-0.222943341037025
-0.817296569310494
-0.144379551573447
0.682011299047262
1.13248607931842
0.7213842395113
-0.479711136382478
0.918299693066956
1.75937712286643
3.00167821184231
0.761336343833521
1.26564955565613
2.02928331934926
0.958392004316112
1.3675782370289
1.12181344332397
0.71767386685863
0.885670535662261
1.68519523754768
1.36159602535193
0.46757536914125
-1.56429020237069
-0.812712752545863
-0.0694223731534477
-2.41072537159232
1.63412428018368
-1.0981580439785
-1.31062989085686
1.0962582376506
-1.92908995255746
0.280837720052074
-0.360512595841225
0.358938519666266
0.981129718406154
-0.601967324511799
-0.723046761011005
-3.15695193210752
-1.91741274061877
-0.50049844591891
0.00633250389194823
1.7836256154166
0.452147536728621
0.691265370667592
0.37305186976325
-0.244494626079671
0.802066474861042
0.77084576820133
0.505870643667739
-0.478217286316624
0.00155487814564179
0.868669044983355
1.02149352392065
-0.00605937425163561
-0.437948902179177
0.546547556889169
1.30036371775705
0.657278418852052
0.137696914458112
-0.59064185322477
-0.397984521829417
-1.50516294144904
-1.09002041317306
0.722866745567649
1.20055980556804
-0.484723811558342
0.219587329756885
0.189268241070488
-1.52597099130201
0.442490334604388
-1.86399653274012
-1.78128901619251
0.297971024179449
-0.714956103810183
-0.542936307609263
-1.92966136535784
-2.17311971490347
-0.591088690745472
-0.75221151283933
-1.12419886332047
-1.9551113256104
-1.99529078088394
1.02243800020569
-0.500754510808452
0.413665749456059
0.683459459739238
0.840780952829838
0.506905865583475
-1.06678791301687
-1.28016522595006
0.270159357379601
-1.42336701782442
0.00647553086058611
-0.753289898493981
-0.765777335045229
-1.20190508957874
-0.796559714886511
0.371236402883192
0.303386428593657
-0.282967452489995
0.701845801374386
1.76025232690804
0.511638978854529
0.78118436636246
0.640527205123947
-0.632014341785179
-0.956715277813407
1.66774952629553
1.3163607769688
1.28600884117744
0.759267653095576
0.988912034459503
0.706565760328228
0.53447515013723
0.651479212851337
-0.568140857018744
2.48062727833084
1.67052318632374
0.62457700772707
1.82515209192296
0.276325828709335
2.24661258122968
0.625734266745093
-1.63346334653631
1.28978146561186
1.65937165537985
0.0147117273495403
-1.00626781579542
-1.84621178238606
-0.694856678536175
-2.09757940104956
-1.49296101021346
-0.494192105587921
0.461093463680811
-0.859155688639926
-0.431130318864214
0.00634771286303093
1.61176944961836
-0.535463429911801
-1.63084983517047
-2.31441588759319
-0.285249181904023
-0.459712213113043
0.428181721367681
-0.190870622326445
0.264281500204792
0.227011378031506
0.0655983769708236
-0.602758657308786
1.08387628184572
-0.143169254320591
0.703548458436571
0.404630039907377
1.99963214067526
1.41564009633497
0.368373262583672
0.424882402399257
0.252590076512512
-1.79049580185774
1.35367355396783
1.43176841976118
-0.177396986303954
0.594643909609955
0.582590370857791
-0.764764357689193
1.46813124999932
0.268143506399113
0.501664305423422
0.751805269968788
-0.564303663988473
-1.01911128051598
-0.237908318266992
0.508589411309628
0.242931665310729
0.871446929904542
0.700066649990142
0.933213680754018
-0.920060352244329
0.647541206873613
-0.514868977020409
-0.463943021709686
-0.17425699292223
-1.67263373659464
-0.572149730491387
-0.743659432925407
-1.05237290477483
-0.998694092937597
0.770072719524656
-1.22959366840333
-0.621082485983073
-2.81722857235799
-1.67722436010031
-1.39739339105129
0.714069499284226
-1.15290318407926
-1.4091907881759
-2.09255296471137
-0.78437922857687
0.472475933022172
-1.43316416350815
-1.07032353223681
0.720779698277384
-0.808452413604327
0.278289997890123
0.244641820587473
-1.37333966858671
0.709622890534913
0.77482642906222
-0.342685683430844
-1.00921275232833
-0.758259047543461
0.424642371194531
-0.626403351775294
-2.14797244042689
-0.928482494338677
0.165535546384846
-1.41636593817771
-0.855026014441951
-1.77688846712114
-0.711767818142639
-0.74201570458431
-0.600051946896568
-1.12772136183019
-1.34913562057475
0.123075101026844
-0.247949262374627
-0.525664356149232
-3.60754601107235
-2.60304583132575
-0.58773758881408
-1.22989623573042
-2.07523344638472
-1.55739263586751
-1.42510628993838
-1.50718853989842
-0.524236932475259
0.787941196971506
0.745849789425361
1.18164318696045
-0.156135530249824
0.736502324289374
-0.880641974112994
-0.449321485728728
1.88217692608855
0.367688484436122
-0.145449742603997
-0.605893107830953
0.556326957255638
2.16642201073257
1.03666258096044
0.236277529452381
2.33683267367683
0.0489106786134973
1.46506913365145
0.207474366640294
-0.68102447728182
1.21111449573688
-1.37172397783559
-0.531984803843602
-0.165019298661481
-0.538379823452823
-1.83256957656092
-1.26227088399482
-2.16708895615628
1.0065773161124
-1.94854538900851
-2.83228035926624
-0.474383456755646
0.255239610424181
-0.49662027801258
-0.597507743962266
0.300922072583826
1.2380788459042
-1.37710147485709
0.884921994669748
0.272183373423482
-0.300997339420586
1.14518208407931
1.20858066361419
1.69677387047194
0.355125761570196
1.12578009920194
0.805377397326162
-0.0508698703944889
1.96594259339782
0.891282051348724
0.520524226614545
0.973256560841397
0.92990345626813
-0.149276826824871
0.192450950701626
2.85182896405348
0.951347842238979
0.4217046320934
1.24097122720218
1.08369151367862
0.147532992432972
-0.666393966905542
0.931682456265116
0.549772084438095
0.888171055116916
0.217620601638861
-1.30697743594659
-0.0921044797455239
2.40859549867161
-0.672637086684009
-0.857724560660278
-1.44422801672621
-0.75757214319465
1.06716928754021
0.0708180914285636
-0.156268086078061
-1.27093319383662
-0.277110441461754
0.860737386254449
2.45637059773993
2.11698966318038
0.0672752215687037
-0.0765898263523765
0.851546415674553
0.433535707610863
0.64637441374051
-0.894753908952943
-0.456591018383759
-0.978138298950999
-1.17609402911827
-1.11126598308833
-0.863325163509602
-0.424695000608259
0.336973489289708
-0.544727929060549
-1.06469128468958
1.21018341438058
1.19543009755879
1.08889655404743
2.16336357629448
-0.135963409285673
2.35559996976483
2.13591815091831
1.34480497956874
1.51122065416328
0.977037997995102
0.66274661965958
-0.936385977025596
0.853275190035027
2.59601980573156
3.14356005956204
1.60314775828821
1.04223000963386
1.1161082770664
2.03376743806181
2.61635846622199
1.80540891944791
2.37734252249257
1.39030794899366
1.67977201271568
2.39059843498968
5.05974306693028
2.24381062957375
1.11053891612846
1.7799565542859
0.975044912973984
1.76460276850858
1.61351761838104
2.572015146011
0.578823231566111
-0.167364541931771
2.22779262850849
1.44461524842918
0.217070603429674
-0.309135894378494
-0.0748584758480667
1.01052846925204
0.163122378071398
1.84910170872885
1.19853999223139
1.09790072622018
0.863417299170539
0.509865028901229
0.51093435888728
1.78659213839111
-0.354269281307478
1.54359575403295
0.512228217504342
1.40003433108378
0.820574948934434
-0.5743081068575
0.67459699202275
-0.093879611953392
1.47990430359169
-0.066929480328887
-1.3661502074951
-0.919760029143039
-0.691392548174205
-0.940664583094874
-0.453214432267962
-0.717129794505097
-0.598810836631649
0.146126535660274
-1.13129574327617
0.476541980739687
0.095517154763709
0.0579529855648009
-1.93457046893552
-0.789081522045284
-0.90287653194477
0.472017655322922
1.40726190990242
1.65473618728594
-0.451215697360215
-0.642648996053124
-0.133739752186799
-1.0378503894939
-1.85109429706913
0.20189008495402
-0.0489719810735991
0.548800000013966
-1.05672866639562
-0.594011074833637
-1.40711611583482
-1.32430973184845
-0.339977937290201
-1.13995686030352
-1.49236796847641
-1.96533341437194
-2.30405646396151
-1.92772837201012
0.65605049631109
-0.953239109581846
-1.64861762128735
-2.18880179089399
-1.18236549356387
-1.22880249278237
-0.555863682440934
-0.880120084433965
0.245421586281328
0.440383845659919
0.958262257569846
0.392260167837999
1.20697191144167
0.274615450007451
1.10980360840474
0.23878378093704
-0.464540437162986
-1.25466344532809
-1.06873224043579
-1.18281186465405
0.0506957666816613
-0.260331792288207
-0.83995606739695
-1.26984819682224
0.959512708562381
-0.195359154927335
-1.36508160843036
-0.917828275059633
-0.386789934901414
0.489892383200156
-0.128411176906408
-0.0088108078834018
-1.12820853370056
0.388109512552006
0.0407325784065981
0.675337679248674
1.69185046493835
0.7085604457729
0.10675328151747
-0.567732444336706
-0.634576589083654
-1.08868106361133
-0.000248373740111052
-1.59740609757308
-2.29408109192102
-1.56656966020382
0.249610370206546
-0.187105115010557
-0.770467772731389
0.256449508316107
-0.492206539016958
-0.38960011828606
-0.199150925981048
0.873355859827982
1.41917616043375
1.69729456546932
1.60650964447092
1.04044483347176
2.48630722587965
3.07468914818515
2.69582335816585
1.19271434003793
-0.0136309352370964
0.755099039445505
0.0681539566520198
0.68078887832747
-0.0457910602755745
1.22199201225853
2.79659701984124
2.13324101493671
1.92300950653995
1.2083166448565
3.159648095047
1.43305592900068
2.55462610964699
3.01520443377143
1.8274494546805
-1.84042543214657
-0.075733194194976
0.834529618068456
-0.694608460017081
-1.08947925455369
0.84576989987983
-2.40257430857429
-0.22751768766661
-0.36468236828069
-0.730400754040559
-0.115112605423691
0.0173690461668872
0.284939878430487
0.269739518365361
-0.352649695131054
0.275756374300826
1.54179343469207
1.23926210016879
2.13023915160368
0.68062699945767
1.23776024515854
1.25693359018989
0.0486010062763574
-0.364149749444961
2.09024532725728
0.0285456681221145
1.38516577495425
0.463262257460622
-0.558682560273738
-1.35034082510694
-1.39108397521177
-2.30515827185925
-1.61529729888103
0.281841827899788
-0.739296278718546
1.43278859031003
0.145974529021945
-0.792389460381271
-0.437813904042188
-0.733606537608869
-0.691927169555456
-0.219018954283353
-0.0781391367931295
0.672304121745126
0.707519464606828
1.04949632044401
0.565612091678297
-0.444093765197338
0.506864247999624
0.656041005327415
-0.0676553098773701
-0.22976870826175
1.15312306484744
1.7704735391953
0.849363665463277
0.196110256603491
2.02758496744399
-0.386416353378572
-0.619891007345801
0.907916332389554
-0.51647757569833
0.970204806766101
-0.522017239466557
0.609647273055128
0.122266205546191
1.11188541421971
1.82517751004622
0.69976460553103
1.20751574890583
-1.09610731574117
-0.209763500266267
-1.10721878396462
0.0137266928681365
0.0133315588902473
-0.163327373014473
-0.154758490683687
0.974125680851165
0.199365109950628
2.08696268506434
-1.12528577078818
0.366642809067277
2.34228435387855
-0.274933300821972
-0.497851954757987
-0.315218135921811
0.134221882497321
-0.0981989985836804
-0.371113522493347
1.91715527452887
0.758809288854034
1.59626300062592
-2.22067133700034
0.831570652831557
1.5897236988849
0.158670983108686
0.127913027429861
1.94189394372906
0.825608900274309
1.65892359734333
1.43661448199849
0.709024862946457
0.385574686845367
-0.891673142508941
-2.05063143211643
-0.448229203284897
0.107033437526856
-0.464953443849932
0.556326561880227
0.672069943098349
-0.0223958648684912
0.216329034199223
1.49538465584033
0.905942670856087
1.35404808568102
1.1894784917949
2.44453680085512
1.22274427930565
-0.0831200803228782
0.0185943776345809
0.602810232195442
0.205124382943569
0.204737809270439
1.00258753503441
-0.220516273632881
-1.66290807511632
1.75038731936644
0.989002747619872
1.6153531269936
0.482311949976871
0.644301413108088
-1.61330839284347
0.212387904217981
0.629258659221275
-0.564369068633618
-0.483826395020085
1.31916562214948
0.942340973928847
0.265681094924957
0.729586617975547
-0.886517474660929
1.17898502185191
-1.43344622974924
-1.17942150115331
0.37126387838455
1.22609501564332
-1.29934005226035
0.414550416130233
0.481987111087973
0.2067557483867
-0.42163708255449
-0.842437002728921
-0.0255993473785645
1.19425523855256
-1.09769718507944
-1.20476171448793
1.29000170706687
-0.902012657497817
-2.77706788904824
-0.821020387716466
-0.167783546838514
-0.250059146437614
-1.08053681414974
-0.083031528473102
-0.373699711073141
0.703997512646248
0.409221881274972
0.829044972189674
0.6219382191403
0.713072666085105
1.115909325417
-1.78001055172881
0.221141190438461
-1.30558083047652
0.0157554974854402
1.23090257764294
-0.105098858858936
-0.71170001771828
-0.225628599895433
1.50615823064193
0.544476260275283
0.482665455122946
-0.23265909969086
-0.426169317370456
-0.165536213051424
-1.59339168615881
0.79494299185461
-0.216009785565057
-2.0260307202524
-0.612747884926309
-0.613872174545631
-2.1315902995484
1.26098856017632
-1.04861103194043
-1.71552721272499
-0.216736837288126
0.694025102451859
-0.175880563592701
0.121640703283971
-1.13304562817841
0.578703391036484
0.337993937591943
0.173638511722628
0.808953428347001
1.25938825365786
-0.260571530543081
0.590494316640647
-0.72447652789534
2.14228354763931
1.11471917806729
0.552974645332614
-0.0476087705018562
0.00848868088469942
-0.929598211686126
-0.0797342113032665
0.575733028837834
-0.305453905342025
-0.797665942805
-1.81718567216831
-0.00520332980356958
0.1483055919228
-0.254460816628486
-0.657218199721129
0.0207980581304605
-1.45573614211907
-1.9516347808392
-2.20588682954686
-1.32483266894099
-0.0149972945516583
0.322006896927336
-0.721193012886252
1.05444079069703
-1.02306741051504
-0.826370969390976
-1.13099262836269
-0.369091472510994
-2.10751805006771
0.351742153835294
0.949524509360073
1.06571627668309
0.187422023236805
1.26195881368299
0.889664547570648
1.35988199332911
0.747751861170119
0.75373217034704
-1.66425919930206
-0.81233373778976
0.747655547711921
0.255922429338753
-1.08663494665728
-1.21821136734878
-0.986679160158547
1.67400696826328
0.13900888151362
-0.534101229104742
-2.2088273269293
-2.59409377144411
0.200465970919261
-1.19876117709482
1.04024116388927
-0.29699167663772
-2.49201877922699
1.33953039171137
-1.02397668855954
-0.886869033465922
-0.351851116790135
-0.444591907683299
-1.83827461607278
-2.24297653354353
0.398631352737888
-1.03646595853395
0.267744117566686
1.48827365990408
-0.519051150532005
-0.85821524945779
-2.3428944756444
1.0282744254184
-0.814042458068046
-0.7496176931903
-1.78766265956753
-0.018925948954114
1.25609181494204
0.368077583283914
-0.337084172082821
-1.80155913246414
0.866611381610412
0.691216107243179
0.0871001728763071
1.22563394419761
1.64668734264702
0.131030361272612
-0.972552725908685
0.800795372045727
0.911404836526233
-0.147515294969783
3.25298106997869
-1.5019941266569
-0.0655606653792278
1.1944841663476
1.90672725509746
1.73196561206273
0.990036057771046
1.47349516312267
1.35783985273488
0.782638195732562
-0.222046811994933
1.52573561918484
0.357432949895061
0.177463315608627
0.606650672085386
0.443009192616774
-1.57853879493993
-0.647679502337161
0.450609978634497
1.37101432886848
-0.768696338663459
-0.653896410153211
-2.55944441806966
0.244671094454615
-0.147419504433872
0.671626638360325
-0.411141649123749
0.140810894309415
1.01225640756826
0.0930471513598088
1.00754774952223
1.05270965605833
-1.09489418001446
0.214159114563669
-2.37767819769318
-0.910800189883497
-1.00365449515549
0.403266467221329
0.22010295498379
-0.598865071145204
-0.358617033628202
-0.00175611074442344
-1.09522583052329
-1.05654158274958
-1.70494230151119
-2.24169007317469
-1.49425288772779
-0.884236700066934
-2.25037364672702
-0.572985129373388
-1.32753988117568
-0.470258161238657
-0.411384481610558
-0.836787599650884
-2.49040441876381
-2.65627658871517
-3.82919045653324
-0.397670377182483
-1.29277892926193
0.968468481158812
-1.72764365824854
0.651433712673908
0.818452414198335
-0.780628800049269
0.331305442971987
0.442998260032624
-0.172707444702739
1.35426855996933
0.000626090380259792
2.05531986868763
-0.603939823467471
1.30426397775548
-0.123177484747399
0.449542243159707
0.113607725882436
-0.0266572874740985
-0.0465441079430803
0.928041570108481
0.318091710803611
1.55517862162324
0.668407895938569
0.591527730486024
0.322551877381624
-0.13821099265723
0.327277828476795
1.18975121183531
1.28344693273454
1.58926912627227
2.48161416608304
1.44788147830831
1.07936846398664
2.34713600504238
1.07537656880358
-0.13009657624826
-0.43888467691196
-0.444880434042221
-1.34192161670139
1.16791807751122
-0.236276446824073
1.22757565036263
2.8682807283179
0.693756139879818
1.05196153344713
0.125422980297247
3.34636196196207
0.223078059904705
1.8329639485247
1.83992504895184
1.99469931055602
2.18561418209947
1.88245074398362
1.84272067240776
0.337119783473351
1.23865181374419
0.534770997614076
3.55428549101492
2.28192527585661
2.28466011691594
-0.756133066686053
-0.750400713964812
-0.693650249914001
-0.446805035857313
-0.451507356413408
0.713839930845492
0.142617747158964
-0.000982770471592287
1.42549273256181
-1.47111171237467
-0.171991013555104
0.92179584549625
1.47154821722509
0.464636336134739
0.0485720174523482
0.136883083293149
-0.143128503647276
-0.242747579072808
-1.24640719594636
-0.428566477134271
0.116274039879235
-0.504805536174164
-1.1970942954182
-1.96460264471935
-1.04964079575864
1.19555194313361
-0.403728659169092
-0.734915448946448
2.53695960524484
-1.27277247145213
-0.00199167921159532
0.675734701464285
-0.241191437652401
1.22469900815073
1.23384624777291
0.613095302128148
-0.721061538320306
0.352940434246535
-0.110075277911613
-0.777655286770947
0.0253136399095317
0.60470011293962
0.151280457798122
1.01513316101475
-2.09399609082697
0.311797709078957
-0.551151725879631
0.150005087118892
1.17507895449211
0.521430934059091
0.405110003154125
-2.34310811836518
-1.75580685189356
0.101705351698122
-1.60363400125825
-0.687847969686129
-0.119395927565445
-0.580596189649116
-1.15056515486449
-1.9464404335615
-0.526961666775297
-2.39555747863461
-1.89980952303467
-1.10221052088129
-1.75948464916654
-1.10689959176133
0.0603113984793128
-0.395592939175262
-0.276444721552604
1.24855557043626
0.0302931462804805
0.245215579210373
-1.97963027917665
-0.607953574614939
-1.20126123729195
-1.81539893583873
0.170435094608147
-0.356769929228472
0.599220669503243
-0.948675333927615
-2.79165651195615
-0.874344921604046
0.241931761444992
2.24231645940099
1.3234137951359
1.50563940528867
-0.0454769508455747
0.536425002393535
-0.221199817293671
0.464298569727908
-1.00472833857711
-0.609417840218922
-1.70202192442678
-0.557256346325455
0.052832540491826
-0.123139656052014
-0.799035235246173
-0.582642447282902
-1.98034048516834
-0.988241864932188
-2.39849917334109
-1.04727820239933
0.973740307536545
0.58462025865476
1.47336616569376
1.69647374939371
0.232462849814963
0.605879551544266
-1.54516692628466
0.544560765266969
-0.655149683105819
0.747426862362274
-1.72092660706382
0.66231212670028
-0.475691879962851
1.25185719253074
0.274745286983867
-0.480404730207523
0.414035861861174
0.0467402786464481
-0.578809068258025
-1.04617049623482
2.04870406631421
-0.470354934718647
0.554241888610882
-0.0266307144890081
-0.953503121817813
-1.63543596497165
-2.05028808539074
-2.22712412074891
-2.49691197565076
-0.497111038644792
-0.919839502665563
1.32858534263406
0.657183714149753
1.71763385925056
0.958905044828004
1.23792181490974
0.967056721741828
0.0748724170197547
1.14759257261525
0.462551166215506
1.37613807956338
-0.210457180031285
1.20325720205455
0.195697833009749
-0.590457610406651
-1.91971482610839
1.11360654941161
0.720950883155048
0.225618858353358
0.884795712435255
0.423341807840696
-1.01425395347807
-2.26890653392628
-0.882413729901066
-0.787037112909493
-1.4884946490023
-0.221649602189883
-0.654863637036374
0.438427156045043
1.22469127834428
-0.345507627382592
-0.923256621036409
-0.156450712512438
1.26134549017055
-1.44532339212052
-1.20017291290497
-1.19912592344687
-0.183126344440606
2.08069645207214
-0.0165517208444124
-0.337771185042345
-1.77762934211549
-1.603780903096
0.0794602795736754
-1.0137379130093
-0.964724407720639
-0.87500166843263
-0.584014651568291
1.1757079996332
1.35142789321824
2.36018696730396
-1.07293521965686
-0.52231870655161
0.908237325059728
-0.0693288499225173
0.371363072698134
-0.506689804300716
-1.96339152726887
-1.81533606307702
1.13910522967168
-0.231168718688594
1.6488957259524
1.27251366670003
1.18863106338399
2.15622944814345
-0.72278830854603
-0.468827839906267
-0.311327873817345
-0.954282629000766
-0.516012888154764
-2.30402056085074
-2.18616889457561
-0.325125645832138
-0.24324781735549
0.962997437277186
-0.252488416202273
-0.50749076437077
-0.656429349613427
-1.27585982678722
-0.288987172204392
-1.50668544908273
-0.145032888258808
-0.514549402801374
0.410289519713825
1.16219172587338
-0.177510305291114
-0.458007563324887
-0.217466458942159
-0.80901673011203
1.27291128976321
0.166791419356826
0.949198743348902
0.676364420879429
1.71352109175116
0.421098454901509
-2.30753914651741
0.103479471752077
-1.1237681219834
0.120922170284919
-1.0756164035401
-0.482814455364465
-0.856878612183965
-0.650807923488373
-1.03773360775965
-1.48651940299626
-0.488057179184693
-1.67822730133983
-1.04742674866908
-0.974263380301995
-1.28260973278692
1.01096678196596
-1.94699079446724
-0.714785287566092
-1.77611173361616
-2.19454257620798
-1.12505544779175
1.32733316612011
1.34426462926482
0.384251831586269
-0.586250807005603
1.818478829538
0.176991278336512
-0.760144385979965
-1.55938509010566
-1.13959875257204
1.09455921127878
1.14152862338827
0.829080835365215
-1.34701487776517
-0.595556823288168
0.797487902034741
-0.21403898808125
-0.760140343480098
-0.229080983869041
-0.905073833450536
-0.739085173018126
1.9935461676807
0.947881147179796
1.60202252933464
0.638377815135259
-0.050429708927116
0.824238239729319
-1.13531115372246
1.28385522617866
0.141619425216494
-2.8442763239722
-1.62607341384827
-1.13515500733874
1.35691282917013
0.0353357139045867
-1.51820604249185
-0.793549638707843
-1.34703753995161
-2.19525783155584
-1.61516678585052
-2.76285405669466
1.41089281192362
0.11198012726092
0.416493338308012
-1.22272591536216
0.803271703603368
0.513166991905623
-0.884307135969659
-0.42125520873971
-0.683821562508252
0.917524722290511
-0.0860562650916306
1.0097910437552
0.959256914622169
0.0244928435111393
0.0524725585260837
-0.807839911877124
-0.722122686754129
-1.69479414569018
-1.06253925269744
-0.947710048560679
-0.781397113681083
1.97863375366979
0.45903230007817
-1.33105946346959
0.540235780669409
-0.287291229994519
1.26854592683497
0.347169966312457
1.77280358917091
0.564291786584333
-0.171482955352909
2.0927460165121
-0.658456159327856
0.501023853586293
-0.733116694349059
1.09717005563563
0.777894589685204
-0.0610134270621569
-0.229276904857163
0.921525749596222
-0.737149545347355
-0.856100707619985
0.167397387319178
0.737124119731446
-1.50062344900987
-0.180292595141714
-1.32583533476953
-1.11288806023597
0.796325965192451
1.01638813401977
0.0556272108975745
-0.861141782030426
0.0752289264032523
1.52366315793169
1.32208264277614
0.927151063809403
0.559055157528638
1.44443678403714
1.54568699854567
1.55550474315384
0.100447216289627
-2.26968412135114
-0.977310312048447
0.968386630837724
0.0215660955779614
-0.548037506504966
-2.13537687065525
-1.24792451049915
-1.39073077524905
-1.25990268408627
-0.572763415218823
-0.709864019125747
0.796530058840851
-1.57072500798245
-2.050215741803
-1.95710334850627
-0.993645229184324
1.42665843950033
1.39820552422457
-0.0871270053497437
-0.7858403743969
0.988466972478157
0.472998453618642
-0.269540492539742
-0.0895788240977866
1.13162568689966
0.196729453744952
0.347727956907051
0.942809656319713
-0.193396475299688
-1.94921638882697
-0.548621986174489
0.893315382410797
-0.0500857616444628
0.653746951226891
-0.366894285743721
-0.974326770877823
0.130752359376056
-0.456789967221418
0.653840775875964
1.06336170644682
-0.0798049080626855
0.184794975350856
1.02332388171707
1.81522393609029
0.285874198450534
-0.124330636762641
-0.158361721021795
1.28230775043207
-0.292890001078001
-0.538278201377948
-0.315665613618903
-1.36661898778405
-0.8325398961744
-0.775447313023442
-0.320232482494122
0.421046392115209
1.56404007882089
1.23946524746182
-0.770707403775293
1.46830471159068
1.28067896759024
0.635538851848604
1.78465894405219
1.30350732206274
0.578669473804382
-0.0487057786200986
1.17604598315636
-1.64503484439351
-0.356812949772502
-1.19835380628069
-2.35002722545473
-0.558295720307212
-0.558893320730296
-2.38394494603201
-1.16429422694764
-0.282292902116259
0.225279064109433
0.119391578028292
0.610074938432722
0.275494114151884
0.432026472347148
0.0140380353779345
-1.00200230476041
-0.0384228926009329
0.806901464146968
2.45122701080519
0.332904760503899
0.382315076494585
-1.82665112421188
-1.18022648495348
0.852111390686081
-0.149191840437495
0.5354385274895
0.815677142667929
-0.654651061643093
-0.0657237145409778
0.214120425735914
-0.243004174379848
0.164645742510079
-0.606622924838393
-1.31267283629057
0.087610117251316
1.26186541610626
0.481377427436664
0.155768995194383
-0.158575034780008
1.43544902325532
1.56011908650045
2.04856705151497
1.50886233049606
1.11162620285874
1.23644231873753
1.01920890075273
-0.497987872493174
2.3871787257157
-0.205928477563775
1.32804701131837
-0.558480272928448
-0.701048261114952
-0.715338920908074
-1.30847164995342
-0.424603818822901
-1.04766458697087
-0.206559340514503
1.84147761094462
1.22212144291551
-1.15972134030777
0.359913424484564
0.211622524000936
2.08997620225635
1.22466452590518
0.403772033396986
-0.822247401029678
0.0593784383319571
1.31241475297645
-0.38954976792911
-0.64439996752748
0.919071020035375
1.23739525579915
0.239878636772773
-0.166487893734683
-0.122557611205564
1.20470341242984
0.524176753111155
0.638541958964761
2.0380002012252
1.709053152894
2.11468216334886
2.79616722373436
1.05301535614851
0.870095230972205
0.985872595049875
1.24948663191895
0.350980543909215
0.825983257648924
-0.052706025863904
0.748704462295172
-0.406115633646981
-0.00848047720794201
1.62374812166799
0.355194605530316
-0.227654973413944
0.82719681466889
-2.52224029681569
-0.368376639041754
0.0602895877473371
2.37107615518258
0.209606350087063
-0.416373690173473
2.40405928054308
1.23535085110039
0.754557777430456
1.13846860809424
0.262144821382235
-0.73537491444803
0.87403460261035
0.532315039417116
0.327967578424612
-0.946528967712611
-0.827458116766528
0.342074536225094
-0.811421198131453
0.367172506511698
1.37467501663801
1.45471430370301
-0.657136813888117
0.253280195660249
0.245735181954261
1.15055407562521
0.901155342400655
-0.771126258681451
-0.276236569928854
1.18259448709261
1.39613178725817
2.48428377314982
0.0893037632899724
-0.149051842083559
-0.0715264092710606
1.22738114597678
0.677608284930391
1.99849080430756
1.46870172271284
1.03299591155326
2.61532157948293
1.757306143564
1.83412419259025
1.1971881334652
0.835480866744455
0.123946610197347
-0.708734995775818
-0.00593172405901396
0.305636753813827
2.18193719778542
2.10633635217697
0.744676112838902
1.72551784121227
-0.0767207028142446
0.657242041286233
1.08040186327287
-0.963717485415155
1.35060355079597
-0.0315015299641552
-1.43581094170612
-1.37070130591397
-2.27048713313574
-1.08769806881501
0.336312931543738
-0.609361594127517
-1.41930228614903
-0.799709321323232
-0.375097570553973
-0.00242001117668511
0.349097033924747
-0.182003865032461
-0.105467207074524
1.10103374710516
1.92391757356144
-0.108632539961657
0.760686734737982
0.434093884799652
1.67851753028446
1.64989444316686
1.9151878667116
0.689362781786351
1.74392090741334
1.64923566473615
-0.279397271482594
-0.484545265153923
1.58451010857704
0.256409082359923
1.78089990491556
1.51562190001614
-0.166703304646604
-0.0972669021544179
-0.980652326530288
0.17281641600576
-3.3482066734266
0.383543478014058
0.222354656877904
0.88169667303664
0.104708777085524
1.63122305434708
0.821289869508336
-0.4398786700387
0.0875393359164512
1.10352290769019
-0.946881440117099
-0.0898575532695737
-0.719732531312598
-1.65523520025403
1.63355959125338
0.548708795861861
0.827871949847427
0.542576151820625
-1.20049185105542
-0.0666788977147412
1.37178796778092
1.85317545359081
0.259716803538243
1.94982012437272
2.35709285272424
1.93694523768826
2.7865626099159
2.42744875886727
1.95524676144197
-0.616341904775191
1.23378229762205
0.911433232257634
-0.0485368724813167
0.334444498856361
-0.507892882220122
1.4281176486559
0.511187349351539
-0.789672570180827
0.267094641177825
-0.998399240450686
-1.39373864997902
-2.1135605464952
-1.31978153488899
-1.02958700517678
0.542052085778062
-0.606994064275116
0.961905341396551
-1.0997747182824
-1.1641990900909
-1.46744219809285
-2.01102815624979
-1.39180266839455
-0.842499081675641
-1.28909764304118
-0.65762584922116
0.484914139290644
0.839753408431889
-1.57476689962661
-0.180398914664716
-1.38461130323435
-0.717672237255993
-0.408638899892515
-1.00466603709362
-1.29862147877755
-0.495214721771252
-0.367385023296415
-2.07173331092
-1.75656369144285
0.413286806486809
-0.879957079251165
0.064208108823311
-0.441196709104938
-1.00236900191132
-0.405735125757774
-0.198708303027142
0.53276506490796
-0.228216343274577
-0.998098279136863
-1.69488571689624
-3.23780969523801
-0.739185592632075
-0.735648647258041
0.410205704982943
-0.749191139281458
0.203245166241317
0.28781046465857
-1.29357626795612
-0.505263366985867
1.19422156621992
-0.858515722726136
-0.236868846661828
0.435342122414701
-0.240539271822737
0.612151441356799
0.636633173888299
-0.652562025052283
-0.0203556127582733
-0.351544048150102
0.315397834134658
-1.08620725544968
-0.4538619597212
-0.223816449268836
0.108425166584023
0.0960708653337721
-1.10260992720234
-1.35287069667259
-1.12602829840185
-1.86586354130717
1.151252649426
0.0381343237252528
-0.51671721908622
-0.460794104262124
-0.681013025583603
-0.455618987945573
-0.52077736185219
-0.972870483596796
-0.853073252441839
-1.22910542324128
-1.4397856414989
-0.154834287389007
-0.944396014982977
0.919514075098314
0.101110330820683
0.786092503738786
-0.349693045040078
-2.3663731735039
-0.775816619862551
0.57920893687219
-0.189030157453884
-0.640308347696885
-0.0733692304580225
-0.191997509193958
-1.16649250418006
1.17049498920845
-0.106526848599002
-1.59056054823299
-1.88276170964871
-0.268701662224315
0.958775723240288
1.15347412696492
0.244341891814152
1.04001618106508
1.10643027727726
0.509365973786353
0.33568837989699
1.78331532839195
-1.76113536553235
-0.107999585456664
-0.470970659679079
-1.90174220343
-1.31680121258909
-0.762289264826255
-0.956481220928658
0.448980397998913
0.556199598810414
-1.07631743387524
0.168476694779111
0.660926192388229
-1.09383711222019
-0.587979734964501
1.33296580302643
0.742985466777559
1.16136519035814
2.17491983048236
0.927417328085065
0.849944075847494
1.60834488213287
0.753748667428736
0.952040966270526
0.0540148868339012
-0.498729170470489
0.0233835323271304
-0.441012519055611
0.761841288852656
-0.371909224287654
-0.75603695454682
-1.06739532224705
0.789016775207949
-0.248313315954342
-0.627286778450088
-0.310088798564802
-0.629841725032268
1.42770242805271
1.02193612595675
-0.321372448405935
0.367631512950202
0.433513289192803
1.34650311230495
0.205489302041206
1.10664374889715
1.67134435579091
2.71313474755254
1.11376827341223
0.913058475478549
1.95411360332398
1.27899037861655
1.09872364598879
2.18748194770632
2.00488768138074
1.1876684207314
-0.665791690100889
0.258717815614161
1.54927304484868
0.271658660094194
-1.79780099634964
0.0863705844192624
-0.503105697660104
-0.120788180392731
-0.0603747049341981
-1.10855323828244
-0.411353344290133
-0.661066307374321
-0.429673665063262
-0.723974334720514
-0.696662511443062
-0.853243729974372
1.46423309781204
0.906386679951158
0.664968339794863
2.0677170559335
-0.102856492294064
0.878403984545116
-0.541426468375099
-0.393351645437978
0.519668584793775
-0.329448806153904
-0.445790072074408
1.41498431753668
2.04936187921101
0.0808964552992573
0.339163138783338
1.33616150931484
-1.24523593374438
-0.498584816320156
0.879640990620833
0.700367467023089
0.0736586139327279
-0.779340311799069
0.737227675321827
1.73226408872358
-1.52404076615648
-0.563221689859689
1.81750064088936
1.04333593771545
0.345015052555822
-0.794893735870325
-0.379677454246943
0.737408404470084
0.477562199155226
-0.16162657136183
-0.800252618823801
-0.232742673021635
-1.25393588183878
2.32145912227819
2.17937228295428
1.55099276194322
0.951069757396766
0.221457308751003
2.28636526857352
-0.314346944220859
1.33221680421768
0.922380349387115
1.51369055717351
2.23996680890781
1.09925993814871
1.0881311594027
-1.9519840490471
-0.254160256109496
0.918477635761279
2.62212486120432
-0.0995233343642798
0.688830115700837
0.560808857254431
1.88698349528491
0.647751913851426
0.649435207544259
-0.363781048638879
0.252292453188911
-0.82126621569168
-0.145084890705227
-0.507724665149198
-0.181556879703716
-0.652246386228046
1.5545868087729
-0.0732049715105833
0.171125517233287
-0.182994379676556
0.819098021230581
1.63266054928538
0.334617156937149
-0.594252308757656
0.502405249135375
0.829476095734331
0.0819249584803312
0.957304706549287
0.694109896463727
-0.80468519435689
0.650405614307582
-0.86828111179904
1.26617653380631
0.831458480899729
2.11711552017292
0.803210758867569
-0.896236445913497
-1.28024422814738
1.08992702837703
-0.236782830634807
-0.84985816442412
0.185880343651331
-0.159669189273255
-1.02397755400285
-2.76185333355571
-1.30344097667302
-0.302310036481116
-0.696969937551086
-0.521846526071448
-0.776021462195359
-0.147775204900739
0.487823882392001
1.3578506336596
-1.18611521061914
-0.0115163335213355
-0.309048201707942
0.941862538759952
2.47036668685815
0.819963218139462
0.989762921335418
1.63170785289477
2.30410653035926
2.26636933624609
-0.880322614113526
-0.847236399254555
-0.259615514777092
1.98012741076308
0.868309207351112
0.693876903694862
0.642401059178285
1.10848646432164
1.92138501695786
1.94291097359483
-1.30764803700427
-1.95595981537063
-0.424008455975972
0.651464390473296
-1.34191791328115
0.453772585414233
-0.918767856587273
0.0745367842833359
0.0139796389920985
-1.12876126959842
1.46345919030295
1.10230945546892
3.34600584453518
1.94744911843905
0.7657872769129
0.632902102970282
0.0867841881859926
-0.863099661964226
-2.12071554079584
-0.474396227037182
1.34317482533825
0.770839571388738
0.0892655855383733
1.0323293366207
0.671800629182058
1.03994199881329
1.08859762329758
0.465841885408268
1.52568892448967
1.0829387918694
-0.835501913847742
0.779733705373465
2.42052285193173
1.30807818375012
2.86085693509472
1.81428663926874
1.73854773522943
0.932437732881596
-1.1294947028823
-0.914136092833444
-0.135451339442052
-0.94339835881802
-1.65598253526254
-0.449151497664752
-0.775880773375113
2.17814012206267
0.728075694766946
0.920818896696214
1.02338797250356
0.649015863336545
1.17772646364023
1.20002359099594
1.49871623857641
1.84534040466061
2.0555458670494
1.20592893896161
-0.300129806939226
-2.18358229293655
-0.71660681427017
-1.63659257766555
-0.732518740228359
-0.514441138494295
0.0965853944732956
1.67265922676126
2.23502543345943
1.8209766236994
1.18072998378601
1.24249430916017
0.775291232234668
-0.900972916246493
2.10124523535504
2.04706081208551
2.22565553354915
0.700673328535744
1.41148541935873
1.43634682905435
-0.588266774735787
0.221919954467841
0.811338526023127
0.989148704102508
0.0500255784348896
2.31283763784531
2.88464262123611
2.09058170349617
0.67922688473321
-0.0195968855096217
-0.713075172829748
-0.409462829214434
-1.65179620757962
0.250575354534233
-1.31711986946407
-1.4330846492268
0.280471385341822
0.430669026216209
1.32355452648807
1.02444962641679
0.498569167659093
0.894059319283871
-0.969972860797529
0.138850742612032
0.378124974894482
1.06416696897647
0.4717268381886
0.522255716170707
-0.907044724129665
0.55086111864425
-1.61286354144287
-0.0816266608067212
0.386164011575088
1.59552421222053
1.52215236947997
1.75971892486683
-0.906932119287235
1.77621271797293
0.32014960740697
3.13161837244985
0.587621534964198
-0.415952677543462
1.05790060237507
0.619121488431563
1.82784111478393
0.438808277538758
-0.324027082086915
1.07215266247788
0.363252554225296
1.55873927911659
1.44484122530899
0.64657524210629
0.857245275378221
1.06141567777316
-0.416370050261136
-0.249488931047536
0.534438416469504
2.26316051701015
1.77592518782645
1.50797585527974
1.92464471864702
1.59733072579156
0.45036903580567
1.98045251425604
0.0279560643326112
-0.342583036084095
0.685024068060842
2.25391221750309
0.495802785746479
1.76701661153007
0.827685648266824
1.30515357792466
-0.52069982542126
-0.665834971566731
2.06972769733485
0.909854206294541
0.819389403627825
-1.85989651067584
1.11973480411039
0.375057371859723
0.892054210179848
0.945083626071022
1.0404660675794
0.308120384829662
2.40582818826543
1.22889560980263
0.76190196303093
2.39559426174394
0.843058938588649
-0.447205886719034
-1.65510137510241
-0.200644666748404
-0.479821808617733
-0.167900502204295
0.17930577173203
2.37826528135301
1.54692449799429
0.698073431268563
1.96332065970447
0.713604871534706
1.28261638187657
2.02971326052588
1.03045147191928
-0.980882105596908
-0.22204663598694
2.13320399251276
0.714803685406781
1.8462374235366
1.45167082947755
1.06441556638533
-1.72919421045204
0.751791260498128
-0.126535748742758
-0.0648287797815528
-0.26707719462536
1.98917692382424
-0.385800921340568
-2.38669709737358
0.113318029261946
0.806475982506984
0.158387963513029
0.031206589162853
1.84267679238694
-1.42451184630404
-1.13651119140678
0.525094198184276
0.574467315719432
1.60880249426094
-0.124195809289098
-1.30176560770187
0.781907922182755
2.10986224052329
0.766842465173859
2.50380318741797
2.69030003916997
1.8497071603734
1.65102107985433
-0.1071519922592
2.86015291250521
1.66634004739315
1.05231613938653
0.262769265922661
-2.07631414404521
-0.434408405286503
-0.962985057243677
-0.0393705616524359
1.64529461574879
1.61105297940435
-1.00860889133616
0.268432132379038
-0.726880714593122
-1.69758716356965
-1.52061510554089
-1.86248767937904
-1.65435638352496
0.662367055511666
-1.81249050003462
-0.205280260454187
-0.207575956031208
-0.297829943393437
-0.166973160754506
-0.467261127647674
-0.274490952579378
1.53027559838733
1.97744915498833
1.19443872339132
0.234814482446631
1.61386249882458
-0.680271297812005
0.107213198990531
0.429853021293618
1.05739185226031
0.148269106944722
2.70852561085382
0.158271962664618
-0.510583518061276
2.56276942227344
1.5494387731006
0.488034494533668
-0.290666259680415
0.806540518389065
0.772361591461556
-0.767722319686852
0.0184544500882228
0.787013116824697
0.891086895108904
-0.651752885408005
2.09521288904502
-0.264119098446153
0.513659623258163
1.50683577156379
0.814120327734771
2.10809639812268
3.7299868127943
2.75515685318083
2.58556187849217
0.569755756819068
2.71677248466769
1.44345102973633
1.64940933748762
1.35705969418909
0.973525921838149
3.0850453135215
3.62948585844066
1.08866907359605
0.910332647710273
1.11505436657853
-0.143985157089728
1.28482589861597
1.53381256641531
2.42910454577329
0.551860473733909
1.95018330112619
2.15407317980084
1.23333715742673
-0.0936777792525513
0.459069931493907
2.37967503634971
1.97518627243016
1.89699257479124
-1.55752132277655
0.332830005699426
1.15619256323689
-0.337438660336598
-0.0528194305397411
0.701031462409774
0.734943658132713
1.586506228846
0.776406554046664
0.718596357525077
1.80237607305046
1.08440102765276
-0.363729906098972
-0.427930204904716
1.06567534376076
1.41499307410243
1.54950568300724
1.50929046494765
2.1505871428378
0.808097342671509
2.33882156399831
-0.0260748956440361
1.48914283668168
0.604870042607145
1.50741581183285
0.8933043107577
0.404900221512012
0.755758895979054
1.05599906910396
0.828136079428399
0.594584842260143
-0.181622675255508
1.64246532780234
0.938665077721835
1.07521781475359
2.18792812575117
2.89848655160881
3.0879237490049
1.41888544345154
2.01474623086702
3.07293287253125
0.453716338877009
-0.253126034944512
0.823360838116702
0.254307496017215
2.86058244256198
2.64956108767001
-1.11417398625638
-1.13232687791376
1.04217192748804
1.06009500953913
2.93181690783523
1.61632349302444
3.07104446018137
-0.30733200621575
-0.265799277824728
0.719835540744594
0.23140825486081
-0.208782732998512
-0.770565115854891
-0.373897478006885
-1.38264646199279
-0.828880924814578
0.788565047330221
-0.433424718365125
1.02848716057107
0.817632987504337
0.945185586089314
-1.51899015017649
-1.98293811224645
-0.296183101542206
1.64384163044444
1.48665135079305
0.604405803837009
1.83008140110085
0.767791122047043
0.700135709245007
2.18257615905174
-0.109385245318384
0.394836456248673
-0.328329904382693
-0.24899119677488
-1.4022334940051
-0.0477542436741978
1.06366496066063
0.376835017518218
0.0910849092975883
0.913791707875097
1.86973513663249
1.86728097823719
1.81895385330524
2.50079299782518
0.355073760033048
0.748688134363985
1.71913732366554
0.440823769539066
1.45024660819058
1.03119317345328
1.91537141650884
-0.714462781657485
0.763518858612353
1.67282247365086
1.50826091945095
2.45296152625942
1.26055610057336
0.990139175303931
1.82965209138483
0.99365025617462
2.42142510470338
3.4520035264653
1.23704170161936
0.230838654873748
2.21433941531937
2.04637282488565
2.11590721299251
0.493838400365726
1.17379918836367
2.12600505442841
0.979010707790283
1.4317164681941
-1.16021941742069
1.57827635178456
-0.446708015284844
-1.11435871174392
1.42241645523782
1.46117872351039
0.332560443795489
0.228576992440049
1.44437074008904
1.95833596752499
1.06909799982586
0.29025020743609
0.297391970244691
1.0422253244593
0.595738621816553
-0.297795282112848
-0.519838107563855
0.205524485015281
0.348818605148014
-0.0780293318999603
0.129225035941399
0.523046090604711
0.95192160230271
2.28707968540031
3.6231939042845
2.1744174359541
0.568105813352207
1.70446001535875
0.00901607572484081
2.19862598442546
0.360189134676473
1.1106799618992
2.84393011689562
2.15186375054215
1.4463628642775
1.89346392108761
2.99769957921444
0.844288572552688
1.81051455598484
2.67329690781761
1.09225838930957
1.78529982415171
1.28626636719366
1.3408626868437
2.30564316914765
1.3242450142651
1.11718860449446
0.77148816160559
0.160289346738316
-1.41275184279269
-0.532590899555393
1.92063955009922
0.841720224676814
-0.478200671883939
-0.177206285930004
-1.03812767009927
-1.45477481266642
0.729309601774889
0.0401203393419075
0.949461220960679
-0.085100625285876
-1.11754510531411
-0.632701643891619
-0.82622794051039
-1.05315631623992
-0.253965449602907
0.938744405054005
0.390543432337187
-1.69974280665295
1.61116013483088
1.68749092040282
3.18044350310172
1.10427646431438
3.03290678421092
1.70223757313156
0.879898237450439
0.144113666320722
-0.793400454698016
1.30574134521407
2.02718856084947
2.21560970752807
1.96532392971986
1.56875929304939
1.45588465539514
3.14836074946745
1.20528247682489
0.567693704215033
1.36272707640871
0.491157100183878
-0.436536187979281
-0.421861283500733
0.836371211710197
2.52504211803625
2.76240143670773
0.376074810372988
1.08302292395766
2.98937045990353
2.93522715050073
2.65544424832027
1.93603906748269
2.77558762876302
2.85234911157545
1.67088971701572
0.769605595381299
0.920249444133816
-0.314901944280309
1.5682362399566
0.980375304277431
-1.33047853989415
-0.80750375171297
0.576721250660948
1.53394475392122
1.25068050889602
-0.222189824766574
-0.236307117332469
3.44700749067415
2.85327358887921
1.90078544596436
1.30734807991484
1.17082146946414
1.91568689618302
1.09301580094034
0.577469264199599
0.638487312761149
0.877989354781948
1.85142108882388
-1.02842580229964
2.35096818500204
1.34577058745452
1.49632477868356
1.77712246124956
0.584994062435595
-0.192481801175489
-0.406629648112889
0.969041509588906
1.34871002327274
-0.303411376708217
0.391222254661937
-0.919282500319945
0.554040163925541
-0.0472653546125161
-0.451121573039278
0.471120637644857
1.54344767317291
-0.90695216614078
-0.317677493856321
2.10373047384531
1.44100499680355
3.5221056241551
0.181301274990138
0.990801298438851
-0.0304832915993908
1.76105237456666
2.33228335320777
1.75171025181811
2.91912503777356
2.57319588482619
0.20059926794672
0.717022832336601
1.9513343320271
-1.05690808891089
0.757431134556153
0.273345482062438
0.18487350643437
-0.568897119511425
0.645330523983922
0.806789118255537
1.23481555778927
1.18726702401872
1.31368376541536
1.46582505271263
0.37239196404616
1.75409120130956
2.15272812593797
1.35504202782432
0.859292335578034
1.03589631148815
1.9266354079201
0.691160592784087
1.76135759353044
1.87276046528536
-0.782253885552126
-0.158600529719329
-0.797283254716147
1.36138427476904
-0.313948099268055
-0.0443635864115651
0.123205083138996
1.56986873952951
1.34898459406729
0.795951366992762
0.0610895007817115
1.03545661359041
0.633164732872814
-1.90830182792786
0.850596472227547
0.927079892380173
0.166780606797288
0.605268215789638
-0.211130052632121
2.34666059595816
1.12546063279139
2.26014475222645
2.56470820928571
0.715320306252855
0.292398437951423
1.00873250671133
0.468309998297974
1.82119757744487
1.23237182063423
1.50826132151553
-0.690310396993837
-0.219567254866542
0.659405538506094
1.01254303068977
-0.229883480724128
0.438947428469246
0.139972823800656
1.24120278933881
1.03143577679821
0.790260066697266
1.82565269052712
0.866944334728289
0.936714189011961
0.850260117436446
0.950752800089707
1.30228218696608
1.81240557237598
1.43854626761796
1.31537193173302
0.9488597472823
2.04974648652111
1.82766639137901
0.953531036942175
1.40558503355217
0.346095370655039
0.416245912187483
-1.62970086920056
-0.708278601037806
0.546920995558707
2.58557436818321
-0.927972396910343
0.463098816646749
-0.264716609194642
0.0913504950901201
1.09622190256903
-0.362386227339604
-0.646814142228067
0.0775677411058323
-1.2717808905736
-1.75804653776165
-0.809762937270262
-0.647389836886292
-1.80109373764713
-1.65048282492439
-0.56362727493886
-1.72429444392947
0.740932057107445
-2.04300868639014
-1.6073724987504
-0.41904928376258
-1.4312042593433
-0.802261529664806
-1.30125738453317
0.0743277281921018
0.238445780731097
0.754505025828846
0.554168469488438
2.31904488401413
0.735019234496595
0.752997429838142
-1.00834155770767
-0.345118912774265
0.96864029486607
0.464752940256076
2.05601755895402
2.84012040343991
0.458385160174992
-1.29291037522542
1.19606106819188
2.43089026904569
2.08812369872758
0.938051888815037
1.09068206309566
1.30577170298804
1.43506525730308
1.35072496529578
0.351192534965783
0.112052505641989
0.830019372975956
-0.0503019832500359
0.94330207742707
1.08674597417002
0.233483261140481
0.318150654701596
0.514619395372593
2.57092105250241
0.370464396422177
0.128738606403467
2.17773438885873
-0.490213037346321
1.56657948905884
-0.710441370370898
0.758257036976917
0.584479062335684
0.20175753717982
-0.499864500913258
0.562642963131817
-1.44727094462508
-0.0197920524532859
-0.376398717292954
1.24358446956461
2.01921461779542
0.163689883341531
0.24842697675422
0.559450702131729
1.57006718036604
2.09798793828221
2.3605278845088
0.932650964738418
1.54984242831091
1.97074393613705
2.85253219005957
0.650447289970261
3.18205886503635
2.33540445977026
2.59827075073192
0.583666084096476
0.631695666613425
0.87628636257927
0.17195084038493
0.123158286587569
-0.542416807132468
0.444523496086065
1.73263010315797
0.333616175712257
-1.19651056205475
0.60988345704544
0.964545150279779
1.16425697960822
1.39252821273852
-2.08836545848467
1.79294085839496
1.20130591664683
1.18162702935848
-0.354432285008965
0.846892221235342
-0.130320229549892
0.592704463262943
0.381929085113907
0.499471393687712
1.19180368045092
0.669600220158955
0.144154625937062
-0.354550366340479
-0.0257805130031184
-0.214488434022974
1.18013050276321
0.685597711421241
0.0636761446428844
0.809398998253235
0.0363739353293052
2.2926731651716
-0.249475687510935
0.279690528985502
1.46854088087678
0.151645459159136
0.296255599480535
0.876086473442947
-0.399479438458561
1.27609956406879
-0.962281544702252
-0.120723594503404
-1.46518549280234
-1.05428624626382
2.05688290217911
0.368348626165155
2.40845699012303
0.755175310684617
0.158317135555044
-0.046574358861265
1.04895850112447
-0.327001898609987
1.15309810163775
-0.126371988158251
2.06278128860534
0.0925858923780424
-1.18713202187573
1.50559570464855
1.34235308539901
-0.195888527459458
-0.820580094596479
0.0728462892527196
0.917954597557247
0.24242947063065
0.371269561643207
0.537571721903627
0.978695510756904
-0.57839581386134
2.67122813903745
-0.299357211078311
-0.948300956198421
-0.181469309108285
0.0467430118665738
0.399307526481672
0.0492530631487333
0.137073853225196
0.0414678705218925
0.981790105643098
0.340840303010781
0.141721695730653
-1.33364790115051
-1.91071651951554
-0.885896432744525
-1.27943734319271
-2.21857794369308
-2.54667251508927
-0.299618098233256
-0.362446859189643
0.0566067951197199
-1.78720945310288
-1.27103001591431
-0.696899019753788
-1.14909851975647
-0.413755054447446
-0.903117567938879
0.964790834201808
0.609594525880013
-0.197784652693477
0.411549079238711
