-99.5606  18.4697
-99.3838  18.4293
-99.4343  18.4495
-99.3586  18.3081
-99.1313  18.3283
-99.1061  18.2071
-99.1818  18.2071
-99.5859  18.1869
-99.5606  18.4293
-99.5606  18.2677
-99.6111  18.3081
-99.7626  18.3889
-99.2071  18.2071
-99.1061  18.3081
-99.1566  18.3283
-99.2576  18.2677
-99.3081  18.1869
-99.2323  17.9848
-99.3081  18.2475
-99.2576  18.0657
-99.2576  18.1667
-99.3081  18.2071
-99.3586  18.1869
-99.5101  18.3283
-99.3586  18.1869
-99.5101  18.2879
-99.2576  18.1263
-99.5606  18.1667
-99.5354  18.4697
-99.2071  18.2475
-99.2576  18.0051
-99.2828  18.0657
-99.3333  18.1667
-99.3586  18.2071
-99.2828  18.1465
-99.2576  18.1263
-99.1061  18.2879
-99.5859  18.0051
-99.3081  18.1263
-99.3838  18.1667
-99.3586  18.0455
-99.3081  18.0455
-99.6111  18.0859
-99.2071  18.2475
-99.3333  18.1061
-99.1818  18.2071
-99.4091  18.0455
-99.6616  18.3283
-100.5455  17.5808
-99.6364  18.2879
-100.1162  18.2273
-99.6111  18.2273
-99.5354  18.3687
-99.8636  18.2071
-99.5859  18.1465
-99.5859  18.1667
-99.9646  18.3485
-99.7879  18.2071
-99.6869  18.2071
-99.5606  18.2475
-99.7626  18.0051
-99.7374  18.2273
-99.6869  18.2273
-99.7374  18.3889
-99.7121  18.3889
-99.4343  18.1667
-99.4091  18.1667
-99.5859  18.2677
-99.7374  18.1465
-99.5606  18.4293
-99.3838  18.0859
-99.6616  18.1869
-99.3081  18.1263
-99.6111  18.2071
-99.5859  18.2475
-99.3081  18.0859
-99.3838  18.0859
-99.5859  18.1465
-99.7121  18.0859
-99.2828  18.2273
-99.3333  18.2273
-99.7374  18.4899
-99.4848  18.2677
-99.3838  18.1667
-99.3333  18.1869
-99.2576  18.2677
-99.3081  18.2475
-99.6364  18.2677
-99.2576  18.2677
-99.1313  18.3081
-99.5859  18.1869
-99.6616  18.1263
-99.8636  18.2677
-99.5354  18.3485
-99.1061  18.2475
-99.5354  18.4293
-99.2828  18.1869
-99.3838  18.4091
-99.7121  17.7020
-99.8636  17.7020
-99.8384  17.9848
-99.6616  18.3687
-99.4343  18.0859
-99.5101  18.2677
-99.6364  18.2677
-99.7626  17.5404
-99.6869  18.1667
-99.8384  17.8232
-99.6111  17.6818
-99.2576  18.1263
-99.7121  17.6414
-99.6616  17.6818
-99.8384  18.3081
-99.9899  18.3081
-99.2071  18.2071
-99.4848  18.4697
-99.7374  18.2475
-99.7374  18.2273
-99.8636  18.4495
-100.0152  18.3687
-99.4596  18.2475
-99.7121  18.4293
-99.6111  18.4495
-99.4848  18.1667
-99.8384  18.4495
-100.0152  18.5101
-99.8131  18.2273
-99.7626  17.6010
-99.2323  18.3081
-100.1919  18.3889
-100.0909  18.1263
-99.7374  18.2475
-99.4848  18.4495
-99.4091  18.2071
-99.6364  18.1263
-100.0152  18.3081
-99.2323  18.0657
-99.6364  18.3687
-99.5859  18.1667
-99.5354  18.3889
-99.5354  18.4293
-98.9040  17.6616
-99.4848  18.1263
-99.3838  18.4091
-99.9899  18.3485
-99.5354  18.3283
-99.5101  18.4495
-99.4848  18.4495
-99.5354  18.4293
-99.5354  18.3889
-99.9141  18.3687
-99.2828  18.1465
-99.1061  18.3081
-99.2828  18.1465
-99.4848  18.3283
-99.2071  18.2677
-99.2828  18.2879
-99.3081  18.2879
-99.5354  18.1869
-99.2071  18.2475
-99.3081  18.1869
-99.2071  18.1667
-99.3081  18.0859
-99.1313  18.3081
-99.4848  18.3081
-99.5606  18.2071
-99.3333  18.2071
-99.5606  18.2677
-99.3333  18.1667
-99.2828  18.1667
-99.3333  18.1869
-99.5859  18.2071
-99.1061  18.2475
-99.2071  18.2071
-99.7121  18.1465
-99.5101  18.3687
-99.5606  18.4091
-99.5859  18.2071
-99.5606  18.2475
-99.6111  18.3889
-99.6111  18.1869
-99.5859  18.2677
-99.5606  18.3889
-99.5606  18.2273
-99.5859  18.3485
-99.6364  18.1667
-99.8384  18.2475
-99.6616  18.0253
-99.6616  18.1465
-99.6111  18.0253
-99.7374  18.2071
-99.5859  18.2677
-99.6111  18.1061
-99.6616  18.1263
-99.6364  18.0859
-99.7374  18.1869
-99.6616  18.2273
-99.7374  18.4293
-99.4091  18.4091
-99.7879  18.4293
-99.7626  18.3485
-99.5859  18.4495
-99.6616  18.0657
-99.5354  18.3889
-99.8131  18.4495
-99.7879  18.3283
-99.7374  18.4293
-99.6616  18.2273
-99.7626  18.3889
-99.8384  18.3485
-99.6869  17.9848
-99.6364  18.1667
-99.6111  17.9848
-99.5354  18.0657
-99.6111  18.0657
-99.5354  18.2071
-99.8889  18.2879
-99.5606  18.2677
-99.6869  18.1667
-99.5101  18.1061
-99.5354  18.4495
-99.1566  18.3283
-99.3838  18.3889
-99.2828  18.2879
-99.4091  18.4091
-99.5354  18.4091
-99.3586  18.3687
-99.2323  18.2475
-99.1313  18.3081
-99.1061  18.2475
-99.2323  18.2677
-99.2323  18.3283
-99.2071  18.2071
-99.1061  18.2273
-99.5606  18.3687
-100.1162  18.3081
-99.7879  18.2273
-99.3081  18.1667
-99.4343  18.1869
-99.7121  18.3687
-99.6111  18.3485
-99.7879  18.4091
-99.8636  18.2475
-99.7626  18.4091
-99.8131  18.3283
-99.9646  18.3889
-99.6869  18.1869
-99.5354  18.3485
-99.7374  18.4293
-99.8384  18.3081
-99.6616  18.4697
-99.7374  18.0657
-99.6111  18.2273
-99.5101  18.3283
-99.4091  18.3889
-99.6869  18.1263
-99.7374  18.1465
-99.7374  18.3485
-99.9394  18.3889
-99.5859  18.0859
-99.7626  18.3283
-99.4848  18.3283
-99.2071  18.2475
-99.3081  18.2475
-99.3586  18.1869
-99.2323  18.3283
-99.1061  18.3081
-99.1061  18.2071
-99.2576  18.1465
-99.2071  18.3283
-99.2828  18.1667
-99.1566  18.2677
-99.3838  18.1667
-99.2071  18.2475
-99.5859  18.0253
-99.2828  18.0859
-99.5606  18.1667
-99.4343  18.4495
-99.2576  18.2879
-99.1818  18.2677
-99.9394  18.0455
-99.4091  18.1667
-99.3333  18.0455
-99.4091  18.1263
-99.3081  18.1263
-99.4343  18.2677
-99.7374  18.3889
-99.7626  18.3889
-99.4596  18.1869
-99.6111  18.2071
-99.7626  18.3283
-99.5859  18.2677
-99.6111  18.1465
-99.5606  18.3283
-99.5859  18.2879
-99.3586  18.0859
-99.3333  18.1465
-99.4091  18.1465
-99.5859  18.1869
-99.7374  18.2273
-99.4091  18.1869
-99.6111  18.2071
-99.5354  18.2677
-100.0404  18.4899
-99.2828  18.1061
-99.7626  18.1667
-99.9394  17.8232
-99.8384  18.4495
-99.8384  18.3687
-99.5101  18.2475
-99.9646  18.2071
-99.9646  18.3283
-99.3838  18.4091
-99.4596  18.4495
-99.6111  18.3485
-99.4091  18.1869
-99.4343  18.4293
-99.2828  18.1667
-99.4848  18.4293
-99.7374  18.3485
-99.2071  18.2273
-99.2576  18.2677
-99.2576  18.3283
-99.2323  18.2273
-99.2071  18.2677
-99.4343  18.3485
-99.5606  18.4293
-99.5101  18.4091
-99.2576  18.2677
-99.6616  18.2273
-99.6869  18.2475
-99.7879  18.2879
-100.0152  18.3889
-99.5101  18.3889
-99.7626  18.2475
-99.3586  18.1667
-99.9394  18.1869
-100.4949  18.0657
-99.7374  18.4091
-99.2071  18.1667
-99.1313  18.2475
-99.1818  18.2475
-99.2323  18.2677
-99.2323  18.2677
-99.3081  18.2475
-99.2828  18.1465
-99.1818  18.2677
-99.1061  18.1263
-99.3081  18.2273
-99.2828  18.3283
-99.1313  18.2475
-99.3333  18.2475
-99.5354  18.3283
-99.6364  18.2071
-99.1313  18.3485
-99.5354  18.3889
-99.4343  18.3283
-99.2576  18.3485
-99.3838  18.3485
-99.5859  18.3485
-99.3586  18.3485
-99.3333  18.2475
-99.5606  18.1667
-99.5101  18.2071
-99.3333  18.2677
-99.2071  18.2071
-99.3838  18.1465
-99.3838  18.2475
-99.7374  18.3687
-99.7374  18.4091
-99.8131  18.2677
-99.7374  18.4091
-99.7879  18.2879
-99.5606  18.2475
-99.5606  18.3485
-99.7374  18.4293
-99.5101  18.4091
-99.4596  18.3081
-99.6364  18.3485
-99.5606  18.4091
-100.0152  18.5101
-99.5354  18.5101
-99.8636  18.3889
-99.8131  18.3687
-99.8384  18.4293
-99.9646  18.4091
-99.6364  18.2273
-99.9141  18.2273
-99.7879  18.1263
-99.6111  18.0859
-99.6364  18.2879
-99.9899  17.7424
-99.6111  18.0859
-99.4848  18.1061
-99.7374  18.2475
-100.0152  18.4495
-99.5101  18.3283
-99.6869  18.2273
-99.7879  18.2677
-99.5354  18.1869
-99.5606  18.2475
-99.5859  18.1667
-99.7626  18.1465
-99.7626  18.0051
-99.7374  18.2879
-99.7626  18.3081
-99.5354  18.2677
-99.7626  18.0051
-99.5606  18.2071
-99.3586  18.1869
-99.8636  17.6010
-99.7879  17.7222
-99.6869  17.6818
-99.2576  17.9848
-99.3333  18.1061
-99.6364  18.1667
-99.6869  18.2273
-99.6616  17.7020
-99.3586  18.1869
-99.5354  18.3081
-99.3081  18.1263
-99.3333  18.0455
-99.6869  18.1061
-99.4091  18.0657
-99.7374  18.4293
-99.6364  18.4091
-99.3586  18.1061
-99.4091  18.1667
-99.3586  18.1667
-99.3838  18.1667
-99.5606  18.3687
-99.3586  18.1465
-99.6869  18.3283
-99.4848  18.3283
-99.4091  18.1263
-99.1566  18.2677
-99.5606  18.1263
-99.8384  17.6414
-99.6869  18.1869
-99.6364  18.1465
-99.6111  18.1869
-99.6111  18.2677
-99.7121  18.1869
-99.4848  18.1465
-99.8131  18.3485
-99.6616  18.1061
-99.5606  18.4091
-99.6364  18.2475
-99.1061  18.2879
-99.1061  18.3081
-99.4091  18.2677
-99.6616  18.1061
-99.6364  18.1263
-99.2323  18.3283
-99.8889  17.8030
-99.6364  18.3283
-99.7121  18.1667
-99.6364  18.2677
-99.9141  17.8232
-99.8384  18.2677
-99.7626  17.6818
-99.7121  18.3485
-99.5606  18.1465
-99.7879  18.2677
-99.9141  17.7020
-99.7626  17.6212
-99.6364  18.1667
-99.4596  18.4293
-99.8131  18.2475
-99.7626  18.2475
-99.5101  18.4091
-99.5859  18.0859
-99.6364  17.6212
-99.2828  18.0859
-99.3838  18.2273
-99.4343  18.1465
-99.4091  18.1869
-99.2828  18.1061
-99.7374  18.3889
-99.3333  18.2677
-99.0808  18.1869
-99.2323  18.2273
-99.2576  18.1667
-99.8384  18.2273
-99.9646  17.7626
-99.3838  18.4091
-99.8384  18.5101
-99.8384  18.2475
-99.5606  18.2475
-99.6111  18.1667
-99.5859  18.1263
-99.7626  18.3283
-99.8384  18.1869
-99.7121  18.0253
-99.5354  18.0859
-99.8384  18.3081
-99.6111  18.4091
-99.7626  17.6010
-99.5354  18.1667
-99.6111  18.1465
-99.7626  18.0051
-99.7626  18.1465
-99.7879  18.0859
-99.4343  18.2071
-99.6616  18.1061
-99.7121  18.2879
-99.5354  18.1263
-99.5101  18.2273
-99.5606  18.4697
-99.4848  18.4495
-99.5354  18.4697
-99.4091  18.3081
-99.3586  18.2475
-99.6111  18.3485
-99.7374  18.3283
-99.7121  17.7020
-99.7121  17.7626
-99.9646  18.3485
-99.4848  17.8232
-99.6616  18.2475
-99.6616  18.2071
-99.5101  18.3485
-99.6869  18.2273
-99.6364  18.0657
-99.8636  18.0253
-99.7374  18.0253
-99.3838  18.1465
-99.6364  18.4495
-99.6869  18.4697
-99.7121  18.3889
-99.5606  18.3283
-99.6111  18.3081
-99.6111  18.2071
-99.6869  18.0859
-99.1313  18.2475
-99.4091  18.1869
-99.5859  18.0657
-99.5606  18.1263
-99.3333  18.2475
-99.2071  18.2071
-99.3838  18.1667
-99.6111  18.1667
-99.5859  18.2273
-99.5859  18.2273
-99.5859  18.2071
-99.5101  18.3485
-99.5606  18.3283
-99.7626  18.0051
-99.5354  18.2879
-99.3081  18.2475
-99.5859  18.1667
-100.3434  18.3687
-99.6111  18.2879
-100.4949  18.0455
-99.6364  18.2475
-99.5859  18.1465
-100.2172  18.0859
-99.7374  18.0657
-99.5101  18.4899
-99.4343  18.4697
-99.9394  18.1465
-99.7374  18.3889
-99.8131  17.6616
-99.9141  17.6414
-99.7374  18.2273
-99.7374  18.1465
-99.7879  17.7424
-99.6869  17.8434
-99.7879  17.6818
-99.7121  17.7626
-99.8636  18.2475
-99.9141  17.6212
-99.7626  17.6010
-99.4596  18.4495
-99.4091  18.4293
-99.9899  18.1667
-99.8131  18.2475
-99.7121  18.2879
-99.5859  18.2273
-99.6364  18.1465
-99.6111  18.2273
-99.3586  18.1667
-99.5101  18.3081
-99.3838  18.1263
-99.7121  18.1667
-99.3586  18.2071
-99.3081  18.2273
-99.3081  18.2475
-99.6364  18.2071
-99.6364  18.2475
-99.3586  18.0859
-99.6111  18.1667
-99.6616  18.1667
-99.5606  18.2273
-99.7879  18.0051
-99.5354  18.4697
-99.1818  18.1061
-99.4343  18.4495
-99.2576  18.1263
-99.4596  18.4495
-99.3081  18.1869
-99.2576  18.1263
-99.5101  18.2677
-99.4848  18.3081
-99.2576  18.3485
-99.1566  18.2475
-99.5859  18.1667
-99.2323  18.1263
-99.5606  18.1869
-99.2828  18.1465
-99.6869  18.1465
-99.3333  18.1061
-99.2828  18.1869
-99.7121  18.1465
-99.0556  17.7424
-99.2576  18.3485
-99.6869  18.2071
-99.6364  18.1667
-99.3838  18.3485
-99.6616  18.1667
-99.1566  18.3283
-99.7121  18.4091
-99.5101  18.4293
-100.1414  18.2879
-99.7121  18.3283
-99.5859  18.1263
-99.8131  18.2475
-99.6111  18.3889
-99.7121  18.2475
-99.6869  18.2475
-99.7879  18.3283
-99.6364  18.1869
-99.4848  18.1061
-99.9899  18.3081
-99.6364  18.2071
-99.6364  18.2273
-99.7626  18.0051
-99.5859  18.2071
-99.5354  18.2879
-99.2828  18.1061
-99.5606  18.3081
-99.2828  18.0859
-99.7879  17.6818
-99.1818  17.9646
-99.6616  17.6212
-99.5101  18.1465
-99.6869  18.2071
-99.3838  18.0657
-99.3081  18.0253
-99.8384  18.2071
-99.5606  18.1869
-99.6364  18.2677
-99.6616  18.1061
-99.5859  18.1263
-99.8636  17.7424
-99.9899  17.7020
-99.9646  17.7626
-99.3333  18.1263
-99.6111  18.2273
-99.3838  18.1465
-99.6364  18.1667
-99.3838  18.1667
-99.7626  17.6212
-99.7121  17.6818
-99.7626  18.3283
-99.7374  17.7222
-99.4091  18.4091
-99.6364  18.1667
-99.0808  17.7424
-99.7121  18.1465
-99.7879  17.6818
-99.4848  18.3485
-99.7121  18.3687
-99.6111  18.2677
-99.6616  18.4495
-99.6111  18.3081
-99.4343  18.4495
-99.6869  18.2273
-99.5101  18.3081
-99.4343  18.4495
-99.2323  18.3081
-99.0808  18.2273
-99.2828  18.2879
-99.2576  18.1263
-99.1313  18.3283
-99.3333  18.1465
-99.2323  18.1263
-99.1313  18.2071
-99.3333  18.1869
-99.5354  18.4697
-99.3586  18.1869
-99.9646  18.3889
-99.7374  18.4091
-99.7374  18.4899
-99.5354  18.3081
-99.7121  18.3889
-99.6111  18.2475
-99.1818  18.3283
-99.5101  18.1061
-99.6616  18.2677
-99.7121  18.2677
-99.6869  18.3283
-99.7374  18.2071
-99.5101  18.2677
-99.5606  18.1263
-99.5859  18.4091
-99.5101  18.1061
-100.1919  18.4899
-99.7879  17.9848
-99.4343  18.4495
-99.7626  18.4091
-99.7626  18.0051
-99.6364  18.1263
-99.7374  18.0859
-99.3333  18.1667
-99.5859  18.1667
-99.6111  18.1667
-99.5606  18.2677
-99.2828  18.0859
-99.2828  18.0657
-99.5354  18.2071
-99.3838  18.0657
-99.4343  18.1465
-99.5606  18.3485
-99.2323  18.1667
-99.3333  18.2475
-99.5101  18.3081
-99.3586  18.1061
-99.5606  18.1667
-99.3586  18.2273
-99.5859  18.4091
-99.4343  18.4293
-99.1818  18.3687
-99.4091  18.2475
-99.3586  18.2475
-99.6869  17.9848
-99.6364  18.4293
-99.6869  18.2071
-99.5606  18.4899
-99.4091  18.4495
-99.5859  18.3889
-99.6616  18.4495
-99.5859  18.4091
-99.4596  18.4495
-99.6869  18.3889
-99.9141  18.3081
-100.0152  18.3081
-99.4091  18.1869
-99.7879  18.2677
-99.6616  18.2677
-99.6616  18.1667
-99.8636  18.3081
-99.4091  18.2879
-99.7879  18.4091
-99.2828  18.3687
-99.5101  18.3889
-99.2323  18.2273
-99.3333  18.3283
-99.2576  18.3485
-99.2828  18.1869
-99.0808  18.2879
-99.3333  18.1869
-99.3586  18.1263
-99.3081  18.0859
-99.2071  18.2071
-99.5606  18.3687
-99.2828  18.1465
-99.5354  18.3283
-99.4091  18.1869
-99.2071  18.2677
-99.3333  18.2273
-99.6364  18.2879
-99.6616  18.1465
-99.8131  17.9848
-99.6364  18.1061
-99.0808  18.2071
-99.6616  18.1263
-99.8889  18.2475
-99.5606  18.4495
-99.5606  18.2677
-99.5354  18.4091
-99.3838  18.1869
-99.3838  18.0859