-99.1818  18.3687
-99.6364  18.4293
-99.6111  18.3485
-99.1566  18.2677
-99.1313  18.3283
-99.2828  18.0455
-99.4848  18.2475
-99.2576  18.1263
-99.9394  18.4293
-99.6869  18.4293
-99.5859  18.2879
-99.9899  18.6313
-99.5606  18.3081
-99.6616  18.2677
-99.4091  18.1667
-99.3586  18.1869
-99.5101  18.2071
-99.5606  18.2677
-99.6616  18.1061
-99.8636  18.4697
-99.1313  18.3283
-99.7626  18.4899
-99.6111  18.2273
-100.0152  18.3485
-99.7879  18.2677
-99.8131  18.4697
-99.7626  18.4899
-99.8384  18.4697
-99.2071  18.3283
-99.1061  18.2677
-99.9646  18.3283
-99.5606  18.3687
-99.5354  18.4293
-100.0657  18.4091
-100.4192  18.3889
-100.1919  18.3485
-99.9394  18.2273
-99.9646  18.4091
-99.7121  18.3081
-99.4091  18.4293
-99.5354  18.3687
-99.1313  18.3283
-99.1313  18.3283
-99.4091  18.2879
-99.7121  18.3687
-99.2323  18.3283
-99.0808  18.3081
-99.0556  18.0253
-99.2323  18.3283
-99.2071  18.2071
-99.2576  18.1869
-98.8788  18.1263
-99.3838  18.1667
-99.5101  18.4091
-99.5859  18.4091
-99.5606  18.3889
-99.5859  18.3687
-99.7374  18.4495
-99.4848  18.3687
-99.5606  18.4091
-99.6869  18.3283
-99.6616  18.2677
-99.7626  18.4293
-100.5707  19.5000
-99.7879  18.4697
-99.8384  18.4495
-99.8636  18.4697
-100.1414  18.3081
-99.5354  18.2879
-99.9646  18.2677
-99.4848  18.3081
-99.8889  18.2677
-99.4091  18.4293
-99.1313  18.2475
-99.3081  18.2879
-99.7626  18.3485
-99.8131  18.3485
-99.4848  18.2071
-99.8889  18.3687
-99.8384  18.3081
-99.8384  18.4899
-99.5101  18.2071
-99.7626  18.2475
-99.6364  18.3889
-99.6616  18.3283
-99.6616  18.3485
-99.5859  18.2879
-99.6364  18.3081
-99.7374  18.1465
-99.8384  18.4495
-99.7626  18.3283
-99.7626  18.2677
-99.7879  18.4091
-99.6616  18.3485
-99.9141  18.3687
-99.3586  18.1667
-99.5101  18.3485
-99.5859  18.3687
-99.5859  18.2273
-99.9394  18.4899
-99.6111  18.2273
-99.3586  18.1061
-99.5606  18.1263
-99.5859  18.3687
-99.8889  18.4697
-99.4343  18.1263
-100.0404  18.3485
-100.0152  18.3081
-99.7626  18.4899
-99.3333  18.3485
-99.2071  18.3485
-99.6616  18.4091
-99.2071  18.3081
-99.4596  18.1667
-99.4091  18.3687
-99.8131  18.5101
-99.3838  18.2879
-99.6111  18.4091
-99.6869  18.4495
-100.9747  19.0354
-99.7626  18.2879
-99.8131  18.4293
-99.4848  18.3485
-99.2323  18.1869
-99.4091  18.1667
-99.2576  18.4091
-99.3838  18.4293
-99.5101  18.4293
-99.3333  18.0859
-99.5354  18.4293
-99.2071  18.2071
-99.5606  18.3687
-99.5606  18.2677
-99.9141  18.5505
-99.3586  18.3889
-99.5859  18.3889
-99.8889  18.3889
-99.7626  18.3283
-99.6616  18.3687
-99.7879  18.5101
-99.3586  18.1465
-99.2323  17.9444
-99.8131  18.4899
-99.5354  18.3283
-99.7121  18.0657
-99.5859  18.2879
-99.5354  18.2677
-99.6869  18.2273
-99.2576  18.3081
-99.5859  18.2273
-99.3838  17.9040
-99.4343  18.0859
-99.5354  18.2475
-99.5859  18.3687
-99.6869  18.3889
-99.5101  18.3081
-99.9394  18.3889
-99.5606  18.2475
-99.4596  18.4293
-99.6364  18.2273
-99.5101  18.4293
-99.7374  18.4495
-99.5606  18.3687
-100.0404  18.3889
-100.1919  18.2475
-99.7121  18.2273
-99.6869  17.7424
-99.9394  17.8030
-99.7626  18.2677
-99.5354  17.7222
-99.8636  18.3283
-99.5606  18.4091
-99.8889  18.2677
-99.6364  18.2879
-99.3586  18.1263
-99.8131  18.2475
-99.4091  18.1263
-99.8889  18.3889
-99.4343  18.2677
-99.9141  18.3889
-99.5354  18.3485
-99.8131  18.1061
-99.7121  18.1667
-99.1818  18.3687
-99.7626  18.3687
-99.8636  18.2879
-99.9394  17.8030
-99.7626  17.8434
-99.6364  18.2071
-99.7374  18.0253
-99.7374  18.2475
-100.4192  18.0051
-99.9394  18.4495
-99.7374  18.4697
-99.6616  17.8838
-99.7374  18.4091
-99.7626  18.2475
-99.9141  18.4697
-99.7879  18.3687
-99.8636  18.4495
-100.7727  17.7828
-99.6616  18.3889
-99.7626  18.4293
-99.5859  18.3283
-99.6111  18.3081
-99.9141  17.7828
-99.6111  18.2071
-99.4343  18.0657
-99.2323  18.2273
-99.6111  18.1061
-99.6364  18.2071
-99.6616  18.2677
-99.9646  18.2677
-99.7374  18.4091
-99.5859  18.4091
-99.7374  18.4091
-99.7121  18.3889
-99.5354  18.2879
-99.5606  18.3081
-99.7626  18.1465
-99.5859  18.3687
-99.4343  17.8838
-99.5606  18.4091
-99.4091  18.4293
-99.4343  18.3283
-99.4848  18.4293
-99.7626  18.0051
-99.8636  18.1263
-99.6111  18.4091
-99.6869  18.2273
-99.7879  18.2879
-99.7374  18.4293
-99.9394  18.0051
-99.4596  17.8838
-99.4848  18.4091
-99.5101  18.4495
-99.2576  18.1263
-99.3081  18.3485
-99.3081  18.1869
-99.2071  18.2677
-99.2071  18.2071
-99.2071  18.0253
-99.9141  18.4697
-99.9646  18.4293
-99.8384  18.4495
-99.1566  18.3283
-99.8636  18.3081
-99.6616  18.2677
-99.6111  18.3081
-99.7879  18.2879
-99.5101  18.2677
-99.7374  18.0253
-99.9141  18.4091
-99.7626  18.0051
-99.5606  18.2475
-99.7879  18.0051
-99.3081  18.1263
-99.5354  18.2071
-99.5354  18.3485
-99.6111  18.2071
-99.7879  18.0051
-99.3586  18.1263
-99.3838  18.1869
-99.5606  18.2071
-99.5606  18.2273
-99.9646  18.1869
-99.5859  18.2475
-99.7879  18.2071
-99.9394  18.3283
-100.0909  18.2071
-99.7374  18.0253
-99.5606  18.3485
-99.6869  18.3889
-99.6616  18.2071
-99.6111  18.2475
-99.8889  18.4697
-99.4091  18.1869
-99.5101  18.3081
-99.5859  18.4899
-99.5354  18.4495
-99.6111  18.4697
-99.5606  18.3687
-99.7879  18.5101
-99.1061  18.2475
-99.5354  18.2677
-99.7121  18.3889
-99.5101  18.2677
-99.7626  18.3687
-99.5101  18.1465
-99.7121  18.0253
-99.8889  17.8030
-99.5606  18.2273
-99.3586  18.0455
-99.3838  18.1667
-99.3333  18.2475
-99.6111  18.3889
-99.3838  18.4293
-99.7626  18.3889
-99.6616  18.2475
-99.4343  18.3485
-99.9141  18.4697
-99.6111  18.1465
-99.5354  18.4697
-99.5101  18.3687
-99.5606  18.3283
-99.8384  18.4293
-99.8636  18.4697
-99.8131  18.2273
-99.5606  18.2273
-99.6364  18.2475
-99.5606  18.2879
-99.6616  18.1263
-99.4848  18.1263
-99.8131  18.2677
-99.8889  18.3687
-99.8889  18.3485
-99.8889  18.3687
-99.3838  18.4091
-99.5354  18.1667
-99.1818  18.3485
-99.5354  18.3687
-99.4091  18.2879
-99.5606  18.1465
-99.7374  18.4495
-99.5606  18.2071
-99.5101  18.4293
-99.5859  18.3485
-99.5101  18.1869
-99.6616  18.0657
-99.7374  18.1465
-99.7879  17.9848