 -99.5606  18.4697  0.123697  0.123697
 -99.3838  18.4293  0.110613  0.110613
 -99.4343  18.4495  0.113927  0.113927
 -99.3586  18.3081  0.119182  0.119182
 -99.1313  18.3283  0.119239  0.119239
 -99.1818  18.3687  0.085584  0.085584
 -99.1061  18.2071  0.114354  0.114354
 -99.1818  18.2071  0.163401  0.163401
 -99.5859  18.1869  0.148135  0.148135
 -99.5606  18.4293  0.112274  0.112274
 -99.5606  18.2677  0.136729  0.136729
 -99.6364  18.4293  0.097069  0.097069
 -99.6111  18.3081  0.130401  0.130401
 -99.6111  18.3485  0.096777  0.096777
 -99.7626  18.3889  0.147667  0.147667
 -99.2071  18.2071  0.159236  0.159236
 -99.1566  18.2677  0.090114  0.090114
 -99.1061  18.3081  0.113005  0.113005
 -99.1566  18.3283  0.104864  0.104864
 -99.2576  18.2677  0.165918  0.165918
 -99.3081  18.1869  0.158347  0.158347
 -99.2323  17.9848  0.164346  0.164346
 -99.3081  18.2475  0.132526  0.132526
 -99.2576  18.0657  0.149510  0.149510
 -99.2576  18.1667  0.146717  0.146717
 -99.3081  18.2071  0.150732  0.150732
 -99.3586  18.1869  0.111453  0.111453
 -99.5101  18.3283  0.123410  0.123410
 -99.3586  18.1869  0.153163  0.153163
 -99.5101  18.2879  0.179150  0.179150
 -99.2576  18.1263  0.136405  0.136405
 -99.5606  18.1667  0.149754  0.149754
 -99.5354  18.4697  0.134260  0.134260
 -99.2071  18.2475  0.116862  0.116862
 -99.2576  18.0051  0.162363  0.162363
 -99.2828  18.0657  0.193781  0.193781
 -99.3333  18.1667  0.122661  0.122661
 -99.3586  18.2071  0.142569  0.142569
 -99.2828  18.1465  0.140816  0.140816
 -99.2576  18.1263  0.119756  0.119756
 -99.1061  18.2879  0.139419  0.139419
 -99.1313  18.3283  0.072132  0.072132
 -99.5859  18.0051  0.129352  0.129352
 -99.3081  18.1263  0.199993  0.199993
 -99.3838  18.1667  0.150466  0.150466
 -99.3586  18.0455  0.143087  0.143087
 -99.3081  18.0455  0.132468  0.132468
 -99.2828  18.0455  0.089995  0.089995
 -99.6111  18.0859  0.147778  0.147778
 -99.2071  18.2475  0.135140  0.135140
 -99.3333  18.1061  0.108191  0.108191
 -99.1818  18.2071  0.152171  0.152171
 -99.4091  18.0455  0.127034  0.127034
 -99.4848  18.2475  0.082210  0.082210
 -99.2576  18.1263  0.071308  0.071308
 -99.9394  18.4293  0.095828  0.095828
 -99.6869  18.4293  0.045837  0.045837
 -99.6616  18.3283  0.131694  0.131694
-100.5455  17.5808  0.134116  0.134116
 -99.6364  18.2879  0.136741  0.136741
 -99.5859  18.2879  0.068132  0.068132
-100.1162  18.2273  0.124476  0.124476
 -99.6111  18.2273  0.138469  0.138469
 -99.9899  18.6313  0.075836  0.075836
 -99.5354  18.3687  0.101381  0.101381
 -99.5606  18.3081  0.097536  0.097536
 -99.8636  18.2071  0.133711  0.133711
 -99.5859  18.1465  0.113066  0.113066
 -99.5859  18.1667  0.167333  0.167333
 -99.9646  18.3485  0.117501  0.117501
 -99.7879  18.2071  0.123247  0.123247
 -99.6869  18.2071  0.179932  0.179932
 -99.6616  18.2677  0.096280  0.096280
 -99.5606  18.2475  0.103104  0.103104
 -99.4091  18.1667  0.087830  0.087830
 -99.7626  18.0051  0.137312  0.137312
 -99.7374  18.2273  0.131854  0.131854
 -99.6869  18.2273  0.123324  0.123324
 -99.7374  18.3889  0.113878  0.113878
 -99.7121  18.3889  0.120819  0.120819
 -99.3586  18.1869  0.090678  0.090678
 -99.4343  18.1667  0.113071  0.113071
 -99.4091  18.1667  0.138000  0.138000
 -99.5859  18.2677  0.114098  0.114098
 -99.7374  18.1465  0.146022  0.146022
 -99.5606  18.4293  0.115810  0.115810
 -99.3838  18.0859  0.186774  0.186774
 -99.5101  18.2071  0.088749  0.088749
 -99.6616  18.1869  0.157938  0.157938
 -99.3081  18.1263  0.146012  0.146012
 -99.5606  18.2677  0.086852  0.086852
 -99.6111  18.2071  0.128615  0.128615
 -99.5859  18.2475  0.159748  0.159748
 -99.3081  18.0859  0.180468  0.180468
 -99.6616  18.1061  0.088569  0.088569
 -99.3838  18.0859  0.132435  0.132435
 -99.5859  18.1465  0.134946  0.134946
 -99.8636  18.4697  0.051054  0.051054
 -99.7121  18.0859  0.105266  0.105266
 -99.2828  18.2273  0.121714  0.121714
 -99.3333  18.2273  0.165612  0.165612
 -99.7374  18.4899  0.114490  0.114490
 -99.4848  18.2677  0.152690  0.152690
 -99.3838  18.1061  0.201189  0.201189
 -99.3838  18.1667  0.163222  0.163222
 -99.3333  18.1869  0.142160  0.142160
 -99.2576  18.2677  0.164224  0.164224
 -99.3081  18.2475  0.158013  0.158013
 -99.6364  18.2677  0.114895  0.114895
 -99.2576  18.2677  0.167431  0.167431
 -99.1313  18.3081  0.112530  0.112530
 -99.5859  18.1869  0.111823  0.111823
 -99.6616  18.1263  0.157344  0.157344
 -99.1313  18.3283  0.081497  0.081497
 -99.8636  18.2677  0.140140  0.140140
 -99.5354  18.3485  0.101710  0.101710
 -99.1061  18.2475  0.124807  0.124807
 -99.5354  18.4293  0.119270  0.119270
 -99.2828  18.1869  0.173667  0.173667
 -99.3838  18.4091  0.117844  0.117844
 -99.7626  18.4899  0.064493  0.064493
 -99.7121  17.7020  0.176348  0.176348
 -99.8636  17.7020  0.167596  0.167596
 -99.8384  17.9848  0.125574  0.125574
 -99.6616  18.3687  0.153958  0.153958
 -99.4343  18.0859  0.130943  0.130943
 -99.5101  18.2677  0.130490  0.130490
 -99.6111  18.2273  0.095252  0.095252
 -99.6364  18.2677  0.157008  0.157008
 -99.7626  17.5404  0.119725  0.119725
 -99.6869  18.1667  0.146718  0.146718
 -99.8384  17.8232  0.148097  0.148097
 -99.6111  17.6818  0.132184  0.132184
 -99.2576  18.1263  0.138849  0.138849
 -99.7121  17.6414  0.181420  0.181420
 -99.6616  17.6818  0.176749  0.176749
 -99.8384  18.3081  0.158905  0.158905
-100.0152  18.3485  0.097970  0.097970
 -99.9899  18.3081  0.144972  0.144972
 -99.7879  18.2677  0.097856  0.097856
 -99.2071  18.2071  0.109920  0.109920
 -99.8131  18.4697  0.074555  0.074555
 -99.4848  18.4697  0.104845  0.104845
 -99.7626  18.4899  0.069078  0.069078
 -99.7374  18.2475  0.154443  0.154443
 -99.7374  18.2273  0.136439  0.136439
 -99.8636  18.4495  0.100223  0.100223
 -99.8384  18.4697  0.041392  0.041392
-100.0152  18.3687  0.126153  0.126153
 -99.2071  18.3283  0.056595  0.056595
 -99.1061  18.2677  0.087704  0.087704
 -99.9646  18.3283  0.081095  0.081095
 -99.4596  18.2475  0.107634  0.107634
 -99.7121  18.4293  0.127283  0.127283
 -99.5606  18.3687  0.070343  0.070343
 -99.6111  18.4495  0.102504  0.102504
 -99.5354  18.4293  0.098346  0.098346
 -99.4848  18.1667  0.113219  0.113219
 -99.8384  18.4495  0.136495  0.136495
-100.0152  18.5101  0.115109  0.115109
 -99.8131  18.2273  0.117502  0.117502
 -99.7626  17.6010  0.160195  0.160195
 -99.2323  18.3081  0.130333  0.130333
-100.0657  18.4091  0.067090  0.067090
-100.1919  18.3889  0.143535  0.143535
-100.0909  18.1263  0.139330  0.139330
-100.4192  18.3889  0.095395  0.095395
 -99.7374  18.2475  0.102002  0.102002
-100.1919  18.3485  0.088430  0.088430
 -99.4848  18.4495  0.128490  0.128490
 -99.4091  18.2071  0.107115  0.107115
 -99.6364  18.1263  0.112313  0.112313
-100.0152  18.3081  0.126058  0.126058
 -99.9394  18.2273  0.065929  0.065929
 -99.9646  18.4091  0.025060  0.025060
 -99.2323  18.0657  0.146712  0.146712
 -99.6364  18.3687  0.106488  0.106488
 -99.5859  18.1667  0.116144  0.116144
 -99.7121  18.3081  0.019555  0.019555
 -99.4091  18.4293  0.080779  0.080779
 -99.5354  18.3889  0.131748  0.131748
 -99.5354  18.4293  0.128559  0.128559
 -98.9040  17.6616  0.129757  0.129757
 -99.4848  18.1263  0.145466  0.145466
 -99.3838  18.4091  0.154354  0.154354
 -99.9899  18.3485  0.122557  0.122557
 -99.5354  18.3283  0.117919  0.117919
 -99.5354  18.3687  0.091496  0.091496
 -99.5101  18.4495  0.103766  0.103766
 -99.4848  18.4495  0.147220  0.147220
 -99.1313  18.3283  0.074094  0.074094
 -99.1313  18.3283  0.086663  0.086663
 -99.4091  18.2879  0.098273  0.098273
 -99.7121  18.3687  0.053953  0.053953
 -99.5354  18.4293  0.108791  0.108791
 -99.5354  18.3889  0.123584  0.123584
 -99.9141  18.3687  0.112423  0.112423
 -99.2323  18.3283  0.087495  0.087495
 -99.2828  18.1465  0.168605  0.168605
 -99.1061  18.3081  0.152828  0.152828
 -99.2828  18.1465  0.125456  0.125456
 -99.0808  18.3081  0.098441  0.098441
 -99.4848  18.3283  0.115575  0.115575
 -99.2071  18.2677  0.100034  0.100034
 -99.2828  18.2879  0.142237  0.142237
 -99.3081  18.2879  0.146263  0.146263
 -99.5354  18.1869  0.125155  0.125155
 -99.2071  18.2475  0.176434  0.176434
 -99.0556  18.0253  0.065365  0.065365
 -99.3081  18.1869  0.115296  0.115296
 -99.2071  18.1667  0.125371  0.125371
 -99.2323  18.3283  0.092062  0.092062
 -99.3081  18.0859  0.106407  0.106407
 -99.2071  18.2071  0.095111  0.095111
 -99.1313  18.3081  0.159542  0.159542
 -99.4848  18.3081  0.110561  0.110561
 -99.5606  18.2071  0.123824  0.123824
 -99.3333  18.2071  0.138899  0.138899
 -99.2576  18.1869  0.098547  0.098547
 -99.5606  18.2677  0.104611  0.104611
 -98.8788  18.1263  0.091736  0.091736
 -99.3838  18.1667  0.090449  0.090449
 -99.3333  18.1667  0.121971  0.121971
 -99.2828  18.1667  0.157207  0.157207
 -99.3333  18.1869  0.141557  0.141557
 -99.5859  18.2071  0.191148  0.191148
 -99.1061  18.2475  0.126398  0.126398
 -99.2071  18.2071  0.145656  0.145656
 -99.7121  18.1465  0.143898  0.143898
 -99.5101  18.4091  0.096820  0.096820
 -99.5859  18.4091  0.050154  0.050154
 -99.5606  18.3889  0.038667  0.038667
 -99.5101  18.3687  0.113351  0.113351
 -99.5859  18.3687  0.049066  0.049066
 -99.7374  18.4495  0.072116  0.072116
 -99.5606  18.4091  0.106439  0.106439
 -99.5859  18.2071  0.119475  0.119475
 -99.5606  18.2475  0.165638  0.165638
 -99.6111  18.3889  0.140799  0.140799
 -99.6111  18.1869  0.166703  0.166703
 -99.5859  18.2677  0.143599  0.143599
 -99.4848  18.3687  0.090713  0.090713
 -99.5606  18.3889  0.122467  0.122467
 -99.5606  18.2273  0.110443  0.110443
 -99.5859  18.3485  0.121826  0.121826
 -99.6364  18.1667  0.126992  0.126992
 -99.5606  18.4091  0.088635  0.088635
 -99.8384  18.2475  0.102784  0.102784
 -99.6616  18.0253  0.115062  0.115062
 -99.6616  18.1465  0.175270  0.175270
 -99.6111  18.0253  0.169066  0.169066
 -99.7374  18.2071  0.123343  0.123343
 -99.5859  18.2677  0.132689  0.132689
 -99.6111  18.1061  0.123121  0.123121
 -99.6616  18.1263  0.187049  0.187049
 -99.6364  18.0859  0.122737  0.122737
 -99.7374  18.1869  0.170126  0.170126
 -99.6869  18.3283  0.085149  0.085149
 -99.6616  18.2677  0.055365  0.055365
 -99.6616  18.2273  0.126272  0.126272
 -99.7626  18.4293  0.083035  0.083035
 -99.7374  18.4293  0.102626  0.102626
 -99.4091  18.4091  0.122201  0.122201
 -99.7879  18.4293  0.110660  0.110660
-100.5707  19.5000  0.053545  0.053545
 -99.7626  18.3485  0.107510  0.107510
 -99.7879  18.4697  0.062981  0.062981
 -99.8384  18.4495  0.092352  0.092352
 -99.8636  18.4697  0.036487  0.036487
 -99.5859  18.4495  0.120652  0.120652
-100.1414  18.3081  0.086765  0.086765
 -99.6616  18.0657  0.134310  0.134310
 -99.5354  18.2879  0.054098  0.054098
 -99.5354  18.3889  0.138735  0.138735
 -99.8131  18.4495  0.103784  0.103784
 -99.7879  18.3283  0.163621  0.163621
 -99.7374  18.4293  0.102138  0.102138
 -99.6616  18.2273  0.136664  0.136664
 -99.7626  18.3889  0.153138  0.153138
 -99.9646  18.2677  0.097953  0.097953
 -99.4848  18.3081  0.069968  0.069968
 -99.8384  18.3485  0.117857  0.117857
 -99.6869  17.9848  0.166966  0.166966
 -99.8889  18.2677  0.078868  0.078868
 -99.6364  18.1667  0.157733  0.157733
 -99.6111  17.9848  0.122340  0.122340
 -99.5354  18.0657  0.154955  0.154955
 -99.6111  18.0657  0.109923  0.109923
 -99.5354  18.2071  0.121186  0.121186
 -99.8889  18.2879  0.117082  0.117082
 -99.5606  18.2677  0.126767  0.126767
 -99.6869  18.1667  0.128493  0.128493
 -99.5101  18.1061  0.122269  0.122269
 -99.5354  18.4495  0.140270  0.140270
 -99.1566  18.3283  0.107339  0.107339
 -99.3838  18.3889  0.138895  0.138895
 -99.2828  18.2879  0.124032  0.124032
 -99.4091  18.4293  0.093729  0.093729
 -99.4091  18.4091  0.136968  0.136968
 -99.5354  18.4091  0.134717  0.134717
 -99.3586  18.3687  0.135276  0.135276
 -99.2323  18.2475  0.113450  0.113450
 -99.1313  18.3081  0.107568  0.107568
 -99.1061  18.2475  0.113700  0.113700
 -99.2323  18.2677  0.114735  0.114735
 -99.1313  18.2475  0.083108  0.083108
 -99.3081  18.2879  0.090350  0.090350
 -99.2323  18.3283  0.133452  0.133452
 -99.2071  18.2071  0.108909  0.108909
 -99.1061  18.2273  0.127452  0.127452
 -99.5606  18.3687  0.120619  0.120619
 -99.7626  18.3485  0.080063  0.080063
 -99.8131  18.3485  0.078117  0.078117
 -99.4848  18.2071  0.072406  0.072406
 -99.8889  18.3687  0.063831  0.063831
-100.1162  18.3081  0.127036  0.127036
 -99.8384  18.3081  0.064249  0.064249
 -99.7879  18.2273  0.123182  0.123182
 -99.8384  18.4899  0.074324  0.074324
 -99.3081  18.1667  0.137118  0.137118
 -99.5101  18.2071  0.074357  0.074357
 -99.7626  18.2475  0.062329  0.062329
 -99.4343  18.1869  0.110769  0.110769
 -99.6364  18.3889  0.081860  0.081860
 -99.7121  18.3687  0.111976  0.111976
 -99.6111  18.3485  0.146703  0.146703
 -99.7879  18.4091  0.144766  0.144766
 -99.6616  18.3283  0.099220  0.099220
 -99.6616  18.3485  0.098743  0.098743
 -99.8636  18.2475  0.101077  0.101077
 -99.7626  18.4091  0.160176  0.160176
 -99.8131  18.3283  0.124593  0.124593
 -99.9646  18.3889  0.101805  0.101805
 -99.5859  18.2879  0.091377  0.091377
 -99.6364  18.3081  0.083581  0.083581
 -99.6869  18.1869  0.105435  0.105435
 -99.5354  18.3485  0.105006  0.105006
 -99.7374  18.4293  0.117167  0.117167
 -99.8384  18.3081  0.115619  0.115619
 -99.7374  18.1465  0.096016  0.096016
 -99.6616  18.4697  0.135757  0.135757
 -99.8384  18.4495  0.053640  0.053640
 -99.7374  18.0657  0.108444  0.108444
 -99.7626  18.3283  0.074868  0.074868
 -99.6111  18.2273  0.120271  0.120271
 -99.5101  18.3283  0.107324  0.107324
 -99.4091  18.3889  0.104735  0.104735
 -99.6869  18.1263  0.135247  0.135247
 -99.7374  18.1465  0.114515  0.114515
 -99.7374  18.3485  0.121163  0.121163
 -99.7626  18.2677  0.093944  0.093944
 -99.7879  18.4091  0.055619  0.055619
 -99.9394  18.3889  0.107022  0.107022
 -99.5859  18.0859  0.115210  0.115210
 -99.6616  18.3485  0.095070  0.095070
 -99.7626  18.3283  0.107319  0.107319
 -99.9141  18.3687  0.084173  0.084173
 -99.4848  18.3283  0.115689  0.115689
 -99.2071  18.2475  0.145389  0.145389
 -99.3081  18.2475  0.117950  0.117950
 -99.3586  18.1869  0.138528  0.138528
 -99.2323  18.3283  0.168782  0.168782
 -99.1061  18.3081  0.129711  0.129711
 -99.1061  18.2071  0.135760  0.135760
 -99.3586  18.1667  0.094000  0.094000
 -99.2576  18.1465  0.122376  0.122376
 -99.2071  18.3283  0.125406  0.125406
 -99.2828  18.1667  0.174002  0.174002
 -99.1566  18.2677  0.124310  0.124310
 -99.3838  18.1667  0.156659  0.156659
 -99.2071  18.2475  0.182488  0.182488
 -99.5859  18.0253  0.114989  0.114989
 -99.2828  18.0859  0.160962  0.160962
 -99.5606  18.1667  0.127018  0.127018
 -99.4343  18.4495  0.114982  0.114982
 -99.5101  18.3485  0.091146  0.091146
 -99.2576  18.2879  0.144254  0.144254
 -99.1818  18.2677  0.103143  0.103143
 -99.9394  18.0455  0.120514  0.120514
 -99.4091  18.1667  0.122623  0.122623
 -99.3333  18.0455  0.132698  0.132698
 -99.4091  18.1263  0.152626  0.152626
 -99.3081  18.1263  0.157391  0.157391
 -99.4343  18.2677  0.129588  0.129588
 -99.7374  18.3889  0.117839  0.117839
 -99.5859  18.3687  0.077453  0.077453
 -99.7626  18.3889  0.108521  0.108521
 -99.4596  18.1869  0.117828  0.117828
 -99.6111  18.2071  0.111560  0.111560
 -99.7626  18.3283  0.107894  0.107894
 -99.5859  18.2677  0.167022  0.167022
 -99.6111  18.1465  0.142516  0.142516
 -99.5606  18.3283  0.107637  0.107637
 -99.5859  18.2879  0.159931  0.159931
 -99.3586  18.0859  0.127494  0.127494
 -99.3333  18.1465  0.111978  0.111978
 -99.5859  18.2273  0.076652  0.076652
 -99.4091  18.1465  0.181583  0.181583
 -99.5859  18.1869  0.131955  0.131955
 -99.9394  18.4899  0.078834  0.078834
 -99.7374  18.2273  0.115052  0.115052
 -99.4091  18.1869  0.137940  0.137940
 -99.6111  18.2273  0.077574  0.077574
 -99.6111  18.2071  0.166921  0.166921
 -99.5354  18.2677  0.154678  0.154678
-100.0404  18.4899  0.107076  0.107076
 -99.2828  18.1061  0.155284  0.155284
 -99.3586  18.1061  0.042876  0.042876
 -99.5606  18.1263  0.088950  0.088950
 -99.7626  18.1667  0.108614  0.108614
 -99.5859  18.3687  0.080489  0.080489
 -99.9394  17.8232  0.116444  0.116444
 -99.8384  18.4495  0.114793  0.114793
 -99.8384  18.3687  0.102501  0.102501
 -99.5101  18.2475  0.137225  0.137225
 -99.9646  18.2071  0.139472  0.139472
 -99.8889  18.4697  0.054229  0.054229
 -99.4343  18.1263  0.091975  0.091975
-100.0404  18.3485  0.099300  0.099300
-100.0152  18.3081  0.075247  0.075247
 -99.9646  18.3283  0.123360  0.123360
 -99.7626  18.4899  0.078079  0.078079
 -99.3333  18.3485  0.090771  0.090771
 -99.3838  18.4091  0.112445  0.112445
 -99.4596  18.4495  0.144160  0.144160
 -99.2071  18.3485  0.079149  0.079149
 -99.6616  18.4091  0.059904  0.059904
 -99.2071  18.3081  0.037744  0.037744
 -99.6111  18.3485  0.119779  0.119779
 -99.4091  18.1869  0.120414  0.120414
 -99.4343  18.4293  0.116260  0.116260
 -99.4596  18.1667  0.056232  0.056232
 -99.2828  18.1667  0.125023  0.125023
 -99.4848  18.4293  0.135979  0.135979
 -99.4091  18.3687  0.076609  0.076609
 -99.7374  18.3485  0.104796  0.104796
 -99.8131  18.5101  0.044111  0.044111
 -99.2071  18.2273  0.128281  0.128281
 -99.2576  18.2677  0.120826  0.120826
 -99.3838  18.2879  0.089478  0.089478
 -99.2576  18.3283  0.105473  0.105473
 -99.2323  18.2273  0.140767  0.140767
 -99.2071  18.2677  0.115301  0.115301
 -99.4343  18.3485  0.102614  0.102614
 -99.5606  18.4293  0.105940  0.105940
 -99.6111  18.4091  0.086251  0.086251
 -99.5101  18.4091  0.118252  0.118252
 -99.6869  18.4495  0.093104  0.093104
 -99.2576  18.2677  0.156858  0.156858
 -99.6616  18.2273  0.171828  0.171828
 -99.6869  18.2475  0.118773  0.118773
 -99.7879  18.2879  0.117370  0.117370
-100.0152  18.3889  0.119313  0.119313
 -99.5101  18.3889  0.110779  0.110779
-100.9747  19.0354  0.088739  0.088739
 -99.7626  18.2475  0.119329  0.119329
 -99.3586  18.1667  0.128996  0.128996
 -99.9394  18.1869  0.155162  0.155162
-100.4949  18.0657  0.143573  0.143573
 -99.7626  18.2879  0.099945  0.099945
 -99.8131  18.4293  0.092578  0.092578
 -99.7374  18.4091  0.163129  0.163129
 -99.2071  18.1667  0.136291  0.136291
 -99.4848  18.3485  0.087538  0.087538
 -99.1313  18.2475  0.176466  0.176466
 -99.1818  18.2475  0.121485  0.121485
 -99.2323  18.2677  0.130750  0.130750
 -99.2323  18.1869  0.052932  0.052932
 -99.2323  18.2677  0.146995  0.146995
 -99.4091  18.1667  0.079813  0.079813
 -99.3081  18.2475  0.124374  0.124374
 -99.2828  18.1465  0.190296  0.190296
 -99.1818  18.2677  0.104120  0.104120
 -99.1061  18.1263  0.146741  0.146741
 -99.3081  18.2273  0.102289  0.102289
 -99.2576  18.4091  0.022462  0.022462
 -99.2828  18.3283  0.151453  0.151453
 -99.1313  18.2475  0.117230  0.117230
 -99.3333  18.2475  0.161382  0.161382
 -99.5354  18.3283  0.127339  0.127339
 -99.6364  18.2071  0.138082  0.138082
 -99.3838  18.4293  0.097627  0.097627
 -99.5101  18.4293  0.082655  0.082655
 -99.1313  18.3485  0.139388  0.139388
 -99.5354  18.3889  0.109754  0.109754
 -99.4343  18.3283  0.114191  0.114191
 -99.3333  18.0859  0.084384  0.084384
 -99.2576  18.3485  0.108486  0.108486
 -99.3838  18.3485  0.131612  0.131612
 -99.5859  18.3485  0.131739  0.131739
 -99.3586  18.3485  0.111291  0.111291
 -99.3333  18.2475  0.100152  0.100152
 -99.5354  18.4293  0.091608  0.091608
 -99.5606  18.1667  0.116218  0.116218
 -99.5101  18.2071  0.144359  0.144359
 -99.2071  18.2071  0.060941  0.060941
 -99.3333  18.2677  0.123117  0.123117
 -99.2071  18.2071  0.103518  0.103518
 -99.3838  18.1465  0.146139  0.146139
 -99.3838  18.2475  0.119511  0.119511
 -99.7374  18.3687  0.102356  0.102356
 -99.5606  18.3687  0.077896  0.077896
 -99.7374  18.4091  0.132482  0.132482
 -99.8131  18.2677  0.133297  0.133297
 -99.7374  18.4091  0.138421  0.138421
 -99.5606  18.2677  0.055782  0.055782
 -99.9141  18.5505  0.074222  0.074222
 -99.7879  18.2879  0.139677  0.139677
 -99.5606  18.2475  0.123139  0.123139
 -99.3586  18.3889  0.084141  0.084141
 -99.5606  18.3485  0.104218  0.104218
 -99.5859  18.3889  0.056594  0.056594
 -99.8889  18.3889  0.082253  0.082253
 -99.7374  18.4293  0.110892  0.110892
 -99.5101  18.4091  0.117626  0.117626
 -99.4596  18.3081  0.109402  0.109402
 -99.7626  18.3283  0.097587  0.097587
 -99.6364  18.3485  0.130688  0.130688
 -99.5606  18.4091  0.112682  0.112682
-100.0152  18.5101  0.114498  0.114498
 -99.5354  18.5101  0.116172  0.116172
 -99.6616  18.3687  0.049663  0.049663
 -99.8636  18.3889  0.100373  0.100373
 -99.8131  18.3687  0.117004  0.117004
 -99.7879  18.5101  0.083055  0.083055
 -99.8384  18.4293  0.103920  0.103920
 -99.9646  18.4091  0.106067  0.106067
 -99.3586  18.1465  0.086285  0.086285
 -99.2323  17.9444  0.046482  0.046482
 -99.6364  18.2273  0.175221  0.175221
 -99.9141  18.2273  0.140317  0.140317
 -99.8131  18.4899  0.076090  0.076090
 -99.7879  18.1263  0.118757  0.118757
 -99.5354  18.3283  0.074166  0.074166
 -99.6111  18.0859  0.182332  0.182332
 -99.6364  18.2879  0.113703  0.113703
 -99.9899  17.7424  0.176898  0.176898
 -99.7121  18.0657  0.092868  0.092868
 -99.6111  18.0859  0.108788  0.108788
 -99.4848  18.1061  0.144245  0.144245
 -99.7374  18.2475  0.152671  0.152671
-100.0152  18.4495  0.100061  0.100061
 -99.5101  18.3283  0.143444  0.143444
 -99.6869  18.2273  0.150613  0.150613
 -99.5859  18.2879  0.079315  0.079315
 -99.7879  18.2677  0.160121  0.160121
 -99.5354  18.1869  0.116990  0.116990
 -99.5606  18.2475  0.128886  0.128886
 -99.5859  18.1667  0.114152  0.114152
 -99.7626  18.1465  0.135855  0.135855
 -99.7626  18.0051  0.123289  0.123289
 -99.7374  18.2879  0.114176  0.114176
 -99.7626  18.3081  0.106541  0.106541
 -99.5354  18.2677  0.100385  0.100385
 -99.5354  18.2677  0.070081  0.070081
 -99.6869  18.2273  0.099261  0.099261
 -99.2576  18.3081  0.072269  0.072269
 -99.7626  18.0051  0.102202  0.102202
 -99.5606  18.2071  0.140645  0.140645
 -99.3586  18.1869  0.151755  0.151755
 -99.8636  17.6010  0.134386  0.134386
 -99.5859  18.2273  0.080503  0.080503
 -99.7879  17.7222  0.171009  0.171009
 -99.6869  17.6818  0.173432  0.173432
 -99.2576  17.9848  0.154271  0.154271
 -99.3838  17.9040  0.058852  0.058852
 -99.3333  18.1061  0.157869  0.157869
 -99.6364  18.1667  0.173093  0.173093
 -99.4343  18.0859  0.099688  0.099688
 -99.6869  18.2273  0.132726  0.132726
 -99.6616  17.7020  0.164202  0.164202
 -99.3586  18.1869  0.149989  0.149989
 -99.5354  18.3081  0.149749  0.149749
 -99.3081  18.1263  0.117339  0.117339
 -99.3333  18.0455  0.159318  0.159318
 -99.6869  18.1061  0.145953  0.145953
 -99.5354  18.2475  0.051407  0.051407
 -99.4091  18.0657  0.134429  0.134429
 -99.8636  17.6818  0.200369  0.200369
 -99.5859  18.3687  0.099850  0.099850
 -99.7374  18.4293  0.114472  0.114472
 -99.6869  18.3889  0.080236  0.080236
 -99.6364  18.4091  0.103060  0.103060
 -99.3586  18.1061  0.123713  0.123713
 -99.4091  18.1667  0.145855  0.145855
 -99.3586  18.1667  0.103707  0.103707
 -99.3838  18.1667  0.149645  0.149645
 -99.5101  18.3081  0.079644  0.079644
 -99.5606  18.3687  0.101553  0.101553
 -99.3586  18.1465  0.123666  0.123666
 -99.6869  18.3283  0.111846  0.111846
 -99.4848  18.3283  0.161618  0.161618
 -99.4091  18.1263  0.161291  0.161291
 -99.9394  18.3889  0.077613  0.077613
 -99.5606  18.2475  0.093132  0.093132
 -99.1566  18.2677  0.173054  0.173054
 -99.4596  18.4293  0.076687  0.076687
 -99.5606  18.1263  0.114395  0.114395
 -99.8384  17.6414  0.158124  0.158124
 -99.6869  18.1869  0.143584  0.143584
 -99.6364  18.1465  0.130134  0.130134
 -99.6111  18.1869  0.130072  0.130072
 -99.6111  18.2677  0.112401  0.112401
 -99.7121  18.1869  0.133471  0.133471
 -99.4848  18.1465  0.102829  0.102829
 -99.8131  18.3485  0.101279  0.101279
 -99.6616  18.1061  0.111018  0.111018
 -99.5606  18.4091  0.118574  0.118574
 -99.6364  18.2475  0.103981  0.103981
 -99.6364  18.2273  0.072048  0.072048
 -99.5101  18.4293  0.083193  0.083193
 -99.7374  18.4495  0.087361  0.087361
 -99.5606  18.3687  0.037428  0.037428
 -99.1061  18.2879  0.104856  0.104856
 -99.1061  18.3081  0.137693  0.137693
 -99.4091  18.2677  0.146023  0.146023
 -99.6616  18.1061  0.168010  0.168010
 -99.6364  18.1263  0.150110  0.150110
 -99.2323  18.3283  0.146334  0.146334
-100.0404  18.3889  0.096650  0.096650
 -99.8889  17.8030  0.153900  0.153900
-100.1919  18.2475  0.092411  0.092411
 -99.6364  18.3283  0.105949  0.105949
 -99.7121  18.2273  0.097460  0.097460
 -99.7121  18.1667  0.168604  0.168604
 -99.6364  18.2677  0.116052  0.116052
 -99.6869  17.7424  0.040747  0.040747
 -99.9394  17.8030  0.056624  0.056624
 -99.9141  17.8232  0.143255  0.143255
 -99.7626  18.2677  0.076049  0.076049
 -99.8384  18.2677  0.115105  0.115105
 -99.5354  17.7222  0.094229  0.094229
 -99.8636  18.3283  0.054622  0.054622
 -99.5606  18.4091  0.094640  0.094640
 -99.7626  17.6818  0.176069  0.176069
 -99.8889  18.2677  0.090428  0.090428
 -99.7121  18.3485  0.125848  0.125848
 -99.5606  18.1465  0.148323  0.148323
 -99.7879  18.2677  0.119530  0.119530
 -99.9141  17.7020  0.171686  0.171686
 -99.7626  17.6212  0.187242  0.187242
 -99.6364  18.2879  0.099179  0.099179
 -99.6364  18.1667  0.192910  0.192910
 -99.4596  18.4293  0.121140  0.121140
 -99.8131  18.2475  0.132444  0.132444
 -99.3586  18.1263  0.090958  0.090958
 -99.8131  18.2475  0.085109  0.085109
 -99.7626  18.2475  0.118758  0.118758
 -99.5101  18.4091  0.139153  0.139153
 -99.5859  18.0859  0.107840  0.107840
 -99.6364  17.6212  0.162203  0.162203
 -99.2828  18.0859  0.176001  0.176001
 -99.3838  18.2273  0.118741  0.118741
 -99.4343  18.1465  0.129942  0.129942
 -99.4091  18.1263  0.096104  0.096104
 -99.4091  18.1869  0.140586  0.140586
 -99.2828  18.1061  0.176653  0.176653
 -99.8889  18.3889  0.070104  0.070104
 -99.4343  18.2677  0.087861  0.087861
 -99.9141  18.3889  0.099725  0.099725
 -99.7374  18.3889  0.124121  0.124121
 -99.5354  18.3485  0.080822  0.080822
 -99.3333  18.2677  0.111361  0.111361
 -99.0808  18.1869  0.126199  0.126199
 -99.8131  18.1061  0.096550  0.096550
 -99.2323  18.2273  0.102478  0.102478
 -99.2576  18.1667  0.118240  0.118240
 -99.7121  18.1667  0.099635  0.099635
 -99.5354  18.3687  0.298430  0.298430
 -99.8384  18.2273  0.121916  0.121916
 -99.9646  17.7626  0.104053  0.104053
 -99.3838  18.4091  0.155135  0.155135
 -99.1818  18.3687  0.078286  0.078286
 -99.7626  18.3687  0.085600  0.085600
 -99.8384  18.5101  0.128279  0.128279
 -99.8384  18.2475  0.115893  0.115893
 -99.5606  18.2475  0.126164  0.126164
 -99.6111  18.1667  0.164503  0.164503
 -99.5859  18.1263  0.126291  0.126291
 -99.8636  18.2879  0.092530  0.092530
 -99.7626  18.3283  0.148867  0.148867
 -99.8384  18.1869  0.124524  0.124524
 -99.9394  17.8030  0.064784  0.064784
 -99.7121  18.0253  0.124705  0.124705
 -99.7626  17.8434  0.063528  0.063528
 -99.6364  18.2071  0.083474  0.083474
 -99.7374  18.0253  0.097783  0.097783
 -99.5354  18.0859  0.141985  0.141985
 -99.7374  18.2475  0.074698  0.074698
 -99.8384  18.3081  0.138853  0.138853
-100.4192  18.0051  0.061023  0.061023
 -99.6111  18.4091  0.101320  0.101320
 -99.7626  17.6010  0.150545  0.150545
 -99.5354  18.1667  0.107268  0.107268
 -99.9394  18.4495  0.050374  0.050374
 -99.6111  18.1465  0.134313  0.134313
 -99.7626  18.0051  0.104529  0.104529
 -99.7626  18.1465  0.182021  0.182021
 -99.7879  18.0859  0.169358  0.169358
 -99.4343  18.2071  0.129286  0.129286
 -99.6616  18.1061  0.110322  0.110322
 -99.7121  18.2879  0.128284  0.128284
 -99.5354  18.1263  0.126468  0.126468
 -98.6010  18.2475  0.300894  0.300894
 -99.5101  18.2273  0.103848  0.103848
 -99.5606  18.4697  0.116792  0.116792
 -99.4848  18.4495  0.134156  0.134156
 -99.5354  18.4697  0.104719  0.104719
 -99.4091  18.3081  0.106310  0.106310
 -99.3586  18.2475  0.147946  0.147946
 -99.6111  18.3485  0.128334  0.128334
 -99.7374  18.4697  0.037495  0.037495
 -99.7374  18.3283  0.102826  0.102826
 -99.6616  17.8838  0.070664  0.070664
 -99.7121  17.7020  0.198944  0.198944
 -99.7121  17.7626  0.132930  0.132930
 -99.7374  18.4091  0.074282  0.074282
 -99.9646  18.3485  0.114739  0.114739
 -99.4848  17.8232  0.168996  0.168996
 -99.6616  18.2475  0.164703  0.164703
 -99.6616  18.2071  0.150567  0.150567
 -99.7626  18.2475  0.097659  0.097659
 -99.5101  18.3485  0.159774  0.159774
 -99.6869  18.2273  0.148128  0.148128
 -99.6364  18.0657  0.126034  0.126034
 -99.8636  18.0253  0.150890  0.150890
 -99.7374  18.0253  0.136162  0.136162
 -99.3838  18.1465  0.156501  0.156501
 -99.9141  18.4697  0.064946  0.064946
 -99.7879  18.3687  0.078903  0.078903
 -99.8636  18.4495  0.089654  0.089654
-100.7727  17.7828  0.015598  0.015598
 -99.6364  18.4495  0.119057  0.119057
 -99.6869  18.4697  0.120513  0.120513
 -99.7121  18.3889  0.129862  0.129862
 -99.6616  18.3889  0.097564  0.097564
 -99.7626  18.4293  0.077570  0.077570
 -99.5606  18.3283  0.124629  0.124629
 -99.5859  18.3283  0.078575  0.078575
 -99.6111  18.3081  0.088367  0.088367
 -99.6111  18.3081  0.122289  0.122289
 -99.6111  18.2071  0.102966  0.102966
 -99.9141  17.7828  0.086659  0.086659
 -99.6111  18.2071  0.092423  0.092423
 -99.6869  18.0859  0.174090  0.174090
 -99.4343  18.0657  0.062430  0.062430
 -99.1313  18.2475  0.126057  0.126057
 -99.2323  18.2273  0.098194  0.098194
 -99.6111  18.1061  0.087356  0.087356
 -99.4091  18.1869  0.128849  0.128849
 -99.6364  18.2071  0.098808  0.098808
 -99.5859  18.0657  0.149139  0.149139
 -99.5606  18.1263  0.152833  0.152833
 -99.3333  18.2475  0.138785  0.138785
 -99.2071  18.2071  0.164465  0.164465
 -99.3838  18.1667  0.163964  0.163964
 -99.6111  18.1667  0.116786  0.116786
 -99.5859  18.2273  0.148453  0.148453
 -99.5859  18.2273  0.105718  0.105718
 -99.5859  18.2071  0.112926  0.112926
 -99.6616  18.2677  0.098151  0.098151
 -99.5101  18.3485  0.108484  0.108484
 -99.5606  18.3283  0.138605  0.138605
 -99.7626  18.0051  0.141348  0.141348
 -99.5354  18.2879  0.171464  0.171464
 -99.3081  18.2475  0.121067  0.121067
 -99.5859  18.1667  0.114807  0.114807
-100.3434  18.3687  0.118199  0.118199
 -99.6111  18.2879  0.138712  0.138712
 -99.9646  18.2677  0.087878  0.087878
-100.4949  18.0455  0.148057  0.148057
 -99.6364  18.2475  0.148358  0.148358
 -99.5859  18.1465  0.128396  0.128396
-100.2172  18.0859  0.117976  0.117976
 -99.7374  18.0657  0.137705  0.137705
 -99.7374  18.4091  0.082715  0.082715
 -99.5101  18.4899  0.142928  0.142928
 -99.4343  18.4697  0.130157  0.130157
 -99.9394  18.1465  0.110918  0.110918
 -99.5859  18.4091  0.055693  0.055693
 -99.7374  18.4091  0.088933  0.088933
 -99.7121  18.3889  0.073105  0.073105
 -99.5354  18.2879  0.029051  0.029051
 -99.7374  18.3889  0.116832  0.116832
 -99.5606  18.3081  0.096010  0.096010
 -99.8131  17.6616  0.138921  0.138921
 -99.9141  17.6414  0.163318  0.163318
 -99.8889  17.6212  0.218775  0.218775
 -99.7374  18.2273  0.105910  0.105910
 -99.7374  18.1465  0.130421  0.130421
 -99.7879  17.7424  0.184408  0.184408
 -99.6869  17.8434  0.127236  0.127236
 -99.7879  17.6818  0.170566  0.170566
 -99.7121  17.7626  0.169415  0.169415
 -99.7626  18.1465  0.070032  0.070032
 -99.8636  18.2475  0.104658  0.104658
 -99.9141  17.6212  0.166371  0.166371
 -99.5859  18.3687  0.081943  0.081943
 -99.4343  17.8838  0.094622  0.094622
 -99.7626  17.6010  0.169732  0.169732
 -99.5606  18.4091  0.083995  0.083995
 -99.4091  18.4293  0.080137  0.080137
 -99.4343  18.3283  0.079451  0.079451
 -99.4596  18.4495  0.166529  0.166529
 -99.4091  18.4293  0.128334  0.128334
 -99.4848  18.4293  0.065251  0.065251
 -99.9899  18.1667  0.104052  0.104052
 -99.7626  18.0051  0.084091  0.084091
 -99.8636  18.1263  0.068592  0.068592
 -99.8131  18.2475  0.138687  0.138687
 -99.7121  18.2879  0.114209  0.114209
 -99.5859  18.2273  0.130144  0.130144
 -99.6364  18.1465  0.136499  0.136499
 -99.6111  18.4091  0.060923  0.060923
 -99.6111  18.2273  0.134883  0.134883
 -99.3586  18.1667  0.154771  0.154771
 -99.5101  18.3081  0.162806  0.162806
 -99.6869  18.2273  0.063999  0.063999
 -99.3838  18.1263  0.130737  0.130737
 -99.7121  18.1667  0.119108  0.119108
 -99.3586  18.2071  0.100903  0.100903
 -99.3081  18.2273  0.154742  0.154742
 -99.3081  18.2475  0.147056  0.147056
 -99.6364  18.2071  0.108291  0.108291
 -99.7879  18.2879  0.065796  0.065796
 -99.7374  18.4293  0.074964  0.074964
 -99.9394  18.0051  0.044773  0.044773
 -99.6364  18.2475  0.153021  0.153021
 -99.3586  18.0859  0.112492  0.112492
 -99.4596  17.8838  0.083921  0.083921
 -99.6111  18.1667  0.135480  0.135480
 -99.6616  18.1667  0.116504  0.116504
 -99.4848  18.4091  0.066197  0.066197
 -99.5606  18.2273  0.152902  0.152902
 -99.7879  18.0051  0.130275  0.130275
 -99.5101  18.4495  0.089842  0.089842
 -99.2576  18.1263  0.099558  0.099558
 -99.5354  18.4697  0.135323  0.135323
 -99.1818  18.1061  0.152896  0.152896
 -99.4343  18.4495  0.152222  0.152222
 -99.2576  18.1263  0.145296  0.145296
 -99.4596  18.4495  0.174783  0.174783
 -99.3081  18.3485  0.085990  0.085990
 -99.3081  18.1869  0.123910  0.123910
 -99.2576  18.1263  0.110583  0.110583
 -99.3081  18.1869  0.092404  0.092404
 -99.5101  18.2677  0.132839  0.132839
 -99.4848  18.3081  0.102739  0.102739
 -99.2576  18.3485  0.122818  0.122818
 -99.1566  18.2475  0.157367  0.157367
 -99.5859  18.1667  0.163638  0.163638
 -99.2323  18.1263  0.184364  0.184364
 -99.5606  18.1869  0.127310  0.127310
 -99.2071  18.2677  0.089159  0.089159
 -99.2828  18.1465  0.157535  0.157535
 -99.2071  18.2071  0.099555  0.099555
 -99.2071  18.0253  0.046436  0.046436
 -99.6869  18.1465  0.120956  0.120956
 -99.3333  18.1061  0.105499  0.105499
 -99.2828  18.1869  0.133188  0.133188
 -99.7121  18.1465  0.165102  0.165102
 -99.0556  17.7424  0.155302  0.155302
 -99.2576  18.3485  0.129656  0.129656
 -99.9141  18.4697  0.096503  0.096503
 -99.9646  18.4293  0.092256  0.092256
 -99.8384  18.4495  0.085651  0.085651
 -99.6869  18.2071  0.122473  0.122473
 -99.6364  18.1667  0.125518  0.125518
 -99.3838  18.3485  0.124503  0.124503
 -99.6616  18.1667  0.156179  0.156179
 -99.1566  18.3283  0.053636  0.053636
 -99.1566  18.3283  0.124083  0.124083
 -99.7121  18.4091  0.123438  0.123438
 -99.5101  18.4293  0.101300  0.101300
-100.1414  18.2879  0.136254  0.136254
 -99.7121  18.3283  0.117772  0.117772
 -99.5859  18.1263  0.100733  0.100733
 -99.8131  18.2475  0.129150  0.129150
 -99.8636  18.3081  0.046403  0.046403
 -99.6111  18.3889  0.113879  0.113879
 -99.7121  18.2475  0.130646  0.130646
 -99.6869  18.2475  0.147006  0.147006
 -99.7879  18.3283  0.106090  0.106090
 -99.6616  18.2677  0.073415  0.073415
 -99.6364  18.1869  0.189179  0.189179
 -99.4848  18.1061  0.155941  0.155941
 -99.6111  18.3081  0.099002  0.099002
 -99.7879  18.2879  0.050484  0.050484
 -99.5101  18.2677  0.042763  0.042763
 -99.9899  18.3081  0.119978  0.119978
 -99.7374  18.0253  0.091197  0.091197
 -99.9141  18.4091  0.053508  0.053508
 -99.6364  18.2071  0.174401  0.174401
 -99.7626  18.0051  0.087852  0.087852
 -99.5606  18.2475  0.052783  0.052783
 -99.6364  18.2273  0.139549  0.139549
 -99.7879  18.0051  0.095242  0.095242
 -99.7626  18.0051  0.108229  0.108229
 -99.5859  18.2071  0.133100  0.133100
 -99.3081  18.1263  0.060705  0.060705
 -99.5354  18.2071  0.098190  0.098190
 -99.5354  18.2879  0.153347  0.153347
 -99.2828  18.1061  0.144696  0.144696
 -99.5606  18.3081  0.147074  0.147074
 -99.5354  18.3485  0.086704  0.086704
 -99.6111  18.2071  0.096953  0.096953
 -99.2828  18.0859  0.104942  0.104942
 -99.7879  17.6818  0.151605  0.151605
 -99.1818  17.9646  0.150375  0.150375
 -99.7879  18.0051  0.095519  0.095519
 -99.6616  17.6212  0.149506  0.149506
 -99.5101  18.1465  0.108844  0.108844
 -99.6869  18.2071  0.112875  0.112875
 -99.3838  18.0657  0.143178  0.143178
 -99.3081  18.0253  0.107466  0.107466
 -99.8384  18.2071  0.115872  0.115872
 -99.5606  18.1869  0.183560  0.183560
 -99.3586  18.1263  0.089540  0.089540
 -99.3838  18.1869  0.063821  0.063821
 -99.7879  17.6212  0.202014  0.202014
 -99.5606  18.2071  0.097888  0.097888
 -99.5606  18.2273  0.062025  0.062025
 -99.6364  18.2677  0.125898  0.125898
 -99.9646  18.1869  0.065660  0.065660
 -99.6616  18.1061  0.129485  0.129485
 -99.5859  18.1263  0.197879  0.197879
 -99.8636  17.7424  0.176527  0.176527
 -99.9899  17.7020  0.149683  0.149683
 -99.9646  17.7626  0.122133  0.122133
 -99.3333  18.1263  0.133841  0.133841
 -99.6111  18.2273  0.177190  0.177190
 -99.3838  18.1465  0.138515  0.138515
 -99.6364  18.1667  0.154931  0.154931
 -99.3838  18.1667  0.101904  0.101904
 -99.5859  18.2475  0.094212  0.094212
 -99.7879  18.2071  0.089074  0.089074
 -99.7626  17.6212  0.164780  0.164780
 -99.7121  17.6818  0.184662  0.184662
 -99.7626  18.3283  0.119977  0.119977
 -99.9394  18.3283  0.085788  0.085788
-100.0909  18.2071  0.089520  0.089520
 -99.7374  17.7222  0.129820  0.129820
 -99.4091  18.4091  0.150364  0.150364
 -99.6364  18.1667  0.119043  0.119043
 -99.7374  18.0253  0.099671  0.099671
 -99.0808  17.7424  0.167072  0.167072
 -99.7121  18.1465  0.124697  0.124697
 -99.7879  17.6818  0.161946  0.161946
 -99.4848  18.3485  0.119587  0.119587
 -99.7121  18.3687  0.121512  0.121512
 -99.6111  18.2677  0.156202  0.156202
 -99.6616  18.4495  0.141843  0.141843
 -99.5606  18.3485  0.079649  0.079649
 -99.6111  18.3081  0.106431  0.106431
 -99.4343  18.4495  0.151973  0.151973
 -99.6869  18.2273  0.169615  0.169615
 -99.6869  18.3889  0.081295  0.081295
 -99.5101  18.3081  0.109453  0.109453
 -99.6616  18.2071  0.053287  0.053287
 -99.4343  18.4495  0.100567  0.100567
 -99.6111  18.2475  0.078671  0.078671
 -99.2323  18.3081  0.173749  0.173749
 -99.0808  18.2273  0.155245  0.155245
 -99.2828  18.2879  0.168677  0.168677
 -99.2576  18.1263  0.108126  0.108126
 -99.1313  18.3283  0.129273  0.129273
 -99.8889  18.4697  0.063467  0.063467
 -99.3333  18.1465  0.126061  0.126061
 -99.2323  18.1263  0.169984  0.169984
 -99.1313  18.2071  0.102675  0.102675
 -99.3333  18.1869  0.124631  0.124631
 -99.5354  18.4697  0.110715  0.110715
 -99.4091  18.1869  0.085009  0.085009
 -99.3586  18.1869  0.109011  0.109011
 -99.5101  18.3081  0.076736  0.076736
 -99.5859  18.4899  0.086217  0.086217
 -99.5354  18.4495  0.088872  0.088872
 -99.9646  18.3889  0.121215  0.121215
 -99.6111  18.4697  0.090959  0.090959
 -99.7374  18.4091  0.128718  0.128718
 -99.5606  18.3687  0.067806  0.067806
 -99.7374  18.4899  0.110116  0.110116
 -99.7879  18.5101  0.057862  0.057862
 -99.5354  18.3081  0.141013  0.141013
 -99.7121  18.3889  0.127988  0.127988
 -99.6111  18.2475  0.125874  0.125874
 -99.1818  18.3283  0.183585  0.183585
 -99.1061  18.2475  0.084788  0.084788
 -99.5354  18.2677  0.074088  0.074088
 -99.5101  18.1061  0.164190  0.164190
 -99.6616  18.2677  0.129648  0.129648
 -99.7121  18.2677  0.133481  0.133481
 -99.6869  18.3283  0.100707  0.100707
 -99.7374  18.2071  0.151988  0.151988
 -99.5101  18.2677  0.128677  0.128677
 -99.7121  18.3889  0.082942  0.082942
 -99.5606  18.1263  0.135967  0.135967
 -99.5101  18.2677  0.097751  0.097751
 -99.5859  18.4091  0.100804  0.100804
 -99.5101  18.1061  0.152261  0.152261
-100.1919  18.4899  0.106902  0.106902
 -99.7626  18.3687  0.094608  0.094608
 -99.7879  17.9848  0.104141  0.104141
 -99.4343  18.4495  0.115934  0.115934
 -99.7626  18.4091  0.142240  0.142240
 -99.7626  18.0051  0.151939  0.151939
 -99.5101  18.1465  0.092817  0.092817
 -99.7121  18.0253  0.093814  0.093814
 -99.8889  17.8030  0.099796  0.099796
 -99.6364  18.1263  0.131294  0.131294
 -99.5606  18.2273  0.068260  0.068260
 -99.7374  18.0859  0.140799  0.140799
 -99.3586  18.0455  0.085292  0.085292
 -99.3333  18.1667  0.142345  0.142345
 -99.5859  18.1667  0.154368  0.154368
 -99.3838  18.1667  0.085814  0.085814
 -99.6111  18.1667  0.160803  0.160803
 -99.5606  18.2677  0.108351  0.108351
 -99.2828  18.0859  0.181031  0.181031
 -99.2828  18.0657  0.173947  0.173947
 -99.5354  18.2071  0.109258  0.109258
 -99.3838  18.0657  0.120742  0.120742
 -99.4343  18.1465  0.118908  0.118908
 -99.5606  18.3485  0.118742  0.118742
 -99.2323  18.1667  0.149809  0.149809
 -99.3333  18.2475  0.079720  0.079720
 -99.3333  18.2475  0.161424  0.161424
 -99.5101  18.3081  0.116616  0.116616
 -99.3586  18.1061  0.175237  0.175237
 -99.5606  18.1667  0.163081  0.163081
 -99.3586  18.2273  0.147158  0.147158
 -99.5859  18.4091  0.109451  0.109451
 -99.4343  18.4293  0.110821  0.110821
 -99.1818  18.3687  0.105813  0.105813
 -99.6111  18.3889  0.084256  0.084256
 -99.4091  18.2475  0.126005  0.126005
 -99.3586  18.2475  0.150484  0.150484
 -99.3838  18.4293  0.087932  0.087932
 -99.6869  17.9848  0.139305  0.139305
 -99.6364  18.4293  0.139289  0.139289
 -99.7626  18.3889  0.076663  0.076663
 -99.6869  18.2071  0.181446  0.181446
 -99.6616  18.2475  0.088631  0.088631
 -99.4343  18.3485  0.088334  0.088334
 -99.9141  18.4697  0.099117  0.099117
 -99.6111  18.1465  0.009095  0.009095
 -99.5354  18.4697  0.095675  0.095675
 -99.5606  18.4899  0.106833  0.106833
 -99.4091  18.4495  0.133870  0.133870
 -99.5859  18.3889  0.125918  0.125918
 -99.6616  18.4495  0.137622  0.137622
 -99.5859  18.4091  0.148419  0.148419
 -99.5101  18.3687  0.057131  0.057131
 -99.5606  18.3283  0.081085  0.081085
 -99.8384  18.4293  0.089016  0.089016
 -99.4596  18.4495  0.124939  0.124939
 -99.6869  18.3889  0.120815  0.120815
 -99.9141  18.3081  0.114089  0.114089
-100.0152  18.3081  0.135798  0.135798
 -99.8636  18.4697  0.052513  0.052513
 -99.4091  18.1869  0.109886  0.109886
 -99.7879  18.2677  0.127238  0.127238
 -99.8131  18.2273  0.061675  0.061675
 -99.6616  18.2677  0.141427  0.141427
 -99.5606  18.2273  0.089115  0.089115
 -99.6364  18.2475  0.086128  0.086128
 -99.5606  18.2879  0.056371  0.056371
 -99.6616  18.1667  0.132918  0.132918
 -99.6616  18.1263  0.096096  0.096096
 -99.4848  18.1263  0.080149  0.080149
 -99.8636  18.3081  0.120946  0.120946
 -99.8131  18.2677  0.096948  0.096948
 -99.8889  18.3687  0.080587  0.080587
 -99.8889  18.3485  0.086520  0.086520
 -99.8889  18.3687  0.064936  0.064936
 -99.4091  18.2879  0.108040  0.108040
 -99.7879  18.4091  0.105576  0.105576
 -99.2828  18.3687  0.122022  0.122022
 -99.3838  18.4091  0.098838  0.098838
 -99.5354  18.1667  0.095829  0.095829
 -99.5101  18.3889  0.136126  0.136126
 -99.2323  18.2273  0.109782  0.109782
 -99.1818  18.3485  0.081445  0.081445
 -99.3333  18.3283  0.137404  0.137404
 -99.2576  18.3485  0.145083  0.145083
 -99.2828  18.1869  0.104501  0.104501
 -99.5354  18.3687  0.059811  0.059811
 -99.0808  18.2879  0.176589  0.176589
 -99.4091  18.2879  0.052409  0.052409
 -99.3333  18.1869  0.157513  0.157513
 -99.3586  18.1263  0.191397  0.191397
 -99.5606  18.1465  0.097227  0.097227
 -99.3081  18.0859  0.149443  0.149443
 -99.2071  18.2071  0.123575  0.123575
 -99.5606  18.3687  0.105152  0.105152
 -99.7374  18.4495  0.076272  0.076272
 -99.2828  18.1465  0.188133  0.188133
 -99.5354  18.3283  0.127159  0.127159
 -99.4091  18.1869  0.164543  0.164543
 -99.5606  18.2071  0.070990  0.070990
 -99.5101  18.4293  0.061205  0.061205
 -99.5859  18.3485  0.078473  0.078473
 -99.2071  18.2677  0.107925  0.107925
 -99.3333  18.2273  0.158744  0.158744
 -99.6364  18.2879  0.122558  0.122558
 -99.6616  18.1465  0.177075  0.177075
 -99.8131  17.9848  0.106947  0.106947
 -99.5101  18.1869  0.062225  0.062225
 -99.6616  18.0657  0.060727  0.060727
 -99.6364  18.1061  0.122592  0.122592
 -99.0808  18.2071  0.174942  0.174942
 -99.6616  18.1263  0.155207  0.155207
 -99.8889  18.2475  0.127273  0.127273
 -99.5606  18.4495  0.116884  0.116884
 -99.5606  18.2677  0.117179  0.117179
 -99.5354  18.4091  0.121528  0.121528
 -99.3838  18.1869  0.156719  0.156719
 -99.7374  18.1465  0.095413  0.095413
 -99.3838  18.0859  0.121632  0.121632
 -99.7879  17.9848  0.085671  0.085671