-122.88  40.10
-122.43  40.38
-122.43  40.38
-122.52  40.31
-122.52  40.31
-122.80  40.48
-122.53  40.60
-122.53  40.60
-122.53  40.60
-122.53  40.65
-122.75  40.75
-122.77  40.97
-122.88  40.67
-123.02  40.69
-123.02  40.69
-123.02  40.69
-123.02  40.69
-122.85  40.73
-122.80  40.45
-123.03  41.25
-123.03  41.25
-123.15  41.35
-123.15  41.35
-123.15  41.35
-123.15  41.35
-123.15  41.35
-123.15  41.35
-123.15  41.35
-123.13  41.32
-123.12  41.40
-123.12  41.40
-123.12  41.40
-123.37  41.57
-123.37  41.57
-123.28  41.52
-123.30  41.72
-123.35  39.50
-123.35  39.50
-123.35  39.50