-122.87  40.09  0.143315  0.143315
-122.88  40.10  0.266790  0.266790
-122.43  40.38  0.225884  0.225884
-122.43  40.38  0.231742  0.231742
-122.52  40.31  0.274731  0.274731
-122.52  40.31  0.286242  0.286242
-122.80  40.48  0.246094  0.246094
-122.53  40.60  0.197660  0.197660
-122.53  40.60  0.229921  0.229921
-122.53  40.60  0.230269  0.230269
-122.53  40.60  0.199221  0.199221
-122.53  40.60  0.206676  0.206676
-122.53  40.65  0.233973  0.233973
-122.75  40.75  0.209468  0.209468
-122.77  40.92  0.178332  0.178332
-122.82  40.90  0.179830  0.179830
-122.82  40.90  0.180562  0.180562
-122.82  40.90  0.190740  0.190740
-122.85  41.10  0.183809  0.183809
-122.77  40.97  0.205524  0.205524
-122.88  40.67  0.274186  0.274186
-123.02  40.69  0.282434  0.282434
-123.02  40.69  0.284773  0.284773
-123.02  40.69  0.267050  0.267050
-123.02  40.69  0.270453  0.270453
-122.85  40.73  0.200142  0.200142
-122.80  40.45  0.203624  0.203624
-122.84  41.02  0.177405  0.177405
-122.84  41.02  0.174351  0.174351
-122.84  41.02  0.183870  0.183870
-122.84  41.02  0.182794  0.182794
-122.84  41.02  0.190433  0.190433
-122.85  41.06  0.168181  0.168181
-122.85  41.06  0.177870  0.177870
-122.85  41.12  0.183202  0.183202
-122.85  40.92  0.179590  0.179590
-122.88  41.00  0.185577  0.185577
-123.03  41.20  0.191733  0.191733
-123.03  41.25  0.223822  0.223822
-123.03  41.25  0.231682  0.231682
-122.80  41.05  0.198901  0.198901
-123.17  41.05  0.192852  0.192852
-123.15  41.35  0.219494  0.219494
-123.15  41.35  0.211922  0.211922
-123.15  41.35  0.218314  0.218314
-123.15  41.35  0.225896  0.225896
-123.15  41.35  0.245514  0.245514
-123.15  41.35  0.233655  0.233655
-123.15  41.35  0.237445  0.237445
-123.13  41.32  0.251781  0.251781
-123.12  41.40  0.253226  0.253226
-123.12  41.40  0.247330  0.247330
-123.12  41.40  0.224511  0.224511
-123.13  41.45  0.153194  0.153194
-123.37  41.57  0.263064  0.263064
-123.37  41.57  0.255054  0.255054
-123.28  41.52  0.227069  0.227069
-123.40  41.65  0.196330  0.196330
-123.40  41.65  0.193259  0.193259
-123.47  41.62  0.192165  0.192165
-123.30  41.72  0.229129  0.229129
-123.33  39.56  0.140958  0.140958
-123.35  39.50  0.218507  0.218507
-123.35  39.50  0.208563  0.208563
-123.35  39.50  0.225421  0.225421
-123.10  39.45  0.073276  0.073276