-120.240  35.680
-120.320  35.745
-120.105  35.675
-120.280  35.720
-120.345  35.820
-120.220  35.700
-120.720  36.175
-120.330  35.795
-120.770  36.220
-121.080  36.435
-120.635  36.120
-120.255  35.695
-120.220  35.685
-121.065  36.445
-120.835  36.280
-120.325  35.790
-120.830  36.290
-120.190  35.630
-120.075  35.530
-120.340  35.790
-120.745  36.200
-120.140  35.640
-120.325  35.780
-120.175  35.665
-120.110  35.575
-120.670  36.140
-120.640  36.120
-120.175  35.610
-120.150  35.635
-120.115  35.505
-120.805  36.258
-120.395  35.877
-120.110  35.540
-120.335  35.785
-120.735  36.180
-120.265  35.710
-120.245  35.670
-120.725  36.175
-120.235  35.665
-120.790  36.230
-120.925  36.320
-120.362  35.852
-120.185  35.620
-120.150  35.625
-120.205  35.635
-120.360  35.852
-120.220  35.640
-120.540  35.995