-120.200  35.625
-120.655  36.080
-120.640  36.120
-120.675  36.135
-120.340  35.765
-120.690  36.135
-120.615  36.085
-120.645  36.095
-120.645  36.120
-120.585  36.055
-120.255  35.690
-120.280  35.700
-120.550  36.020
-120.320  35.755
-120.720  36.210
-120.550  36.005
-120.010  35.440
-120.320  35.785
-120.295  35.730
-120.525  35.980
-120.625  36.085
-120.315  35.735
-120.335  35.740
-120.325  35.745
-120.215  35.660
-120.265  35.675
-120.665  36.140
-120.545  36.010
-120.427  35.845
-120.650  36.100
-120.235  35.660
-120.630  36.120