-120.200  35.625  0.144064  0.144064
-120.240  35.680  0.055193  0.055193
-120.655  36.080  0.192698  0.192698
-120.640  36.120  0.127088  0.127088
-120.675  36.135  0.116929  0.116929
-120.340  35.765  0.154952  0.154952
-120.320  35.745  0.064080  0.064080
-120.690  36.135  0.113535  0.113535
-120.105  35.675  0.002113  0.002113
-120.280  35.720  0.050589  0.050589
-120.615  36.085  0.160220  0.160220
-120.645  36.095  0.142650  0.142650
-120.645  36.120  0.137110  0.137110
-120.585  36.055  0.123860  0.123860
-120.345  35.820  0.073171  0.073171
-120.220  35.700  0.021455  0.021455
-120.720  36.175  0.062015  0.062015
-120.575  36.005  0.221924  0.221924
-120.330  35.795  0.072002  0.072002
-120.530  36.005  0.225859  0.225859
-120.770  36.220  0.073680  0.073680
-121.080  36.435  0.045668  0.045668
-120.635  36.120  0.081382  0.081382
-120.255  35.695  0.040495  0.040495
-120.255  35.690  0.102922  0.102922
-120.515  35.975  0.207522  0.207522
-120.220  35.685  0.060854  0.060854
-121.065  36.445  0.053603  0.053603
-120.835  36.280  0.059963  0.059963
-120.325  35.790  0.074971  0.074971
-120.565  36.020  0.225616  0.225616
-120.280  35.700  0.127541  0.127541
-120.830  36.290  0.033513  0.033513
-120.550  36.020  0.136425  0.136425
-120.190  35.630  0.034165  0.034165
-120.075  35.530  0.062647  0.062647
-120.320  35.755  0.102915  0.102915
-120.720  36.210  0.112244  0.112244
-120.340  35.790  0.051849  0.051849
-120.745  36.200  0.043498  0.043498
-120.550  36.005  0.102412  0.102412
-120.515  35.980  0.218744  0.218744
-120.515  35.980  0.250407  0.250407
-120.140  35.640  0.016389  0.016389
-120.010  35.440  0.132108  0.132108
-120.325  35.780  0.088008  0.088008
-120.320  35.785  0.101465  0.101465
-120.175  35.665  0.055112  0.055112
-120.110  35.575  0.057923  0.057923
-120.670  36.140  0.080706  0.080706
-120.640  36.120  0.077712  0.077712
-120.175  35.610  0.059947  0.059947
-120.150  35.635  0.053872  0.053872
-120.115  35.505  0.079206  0.079206
-120.805  36.258  0.049058  0.049058
-120.295  35.730  0.154698  0.154698
-120.395  35.877  0.085535  0.085535
-120.110  35.540  0.068395  0.068395
-120.525  35.980  0.162899  0.162899
-120.335  35.785  0.092970  0.092970
-120.625  36.085  0.150415  0.150415
-120.735  36.180  0.067163  0.067163
-120.265  35.710  0.085936  0.085936
-120.245  35.670  0.035717  0.035717
-120.390  35.875  0.214548  0.214548
-120.725  36.175  0.078360  0.078360
-120.235  35.665  0.019539  0.019539
-120.790  36.230  0.042655  0.042655
-120.925  36.320  0.089513  0.089513
-120.315  35.735  0.172298  0.172298
-120.362  35.852  0.090725  0.090725
-120.185  35.620  0.076220  0.076220
-120.335  35.740  0.176519  0.176519
-120.325  35.745  0.181786  0.181786
-120.150  35.625  0.036817  0.036817
-120.205  35.635  0.023265  0.023265
-120.215  35.660  0.155834  0.155834
-120.265  35.675  0.156608  0.156608
-120.665  36.140  0.126912  0.126912
-120.360  35.852  0.082629  0.082629
-120.545  36.010  0.131089  0.131089
-120.427  35.845  0.178079  0.178079
-120.595  36.065  0.216183  0.216183
-120.650  36.100  0.176452  0.176452
-120.235  35.660  0.150216  0.150216
-120.630  36.120  0.159187  0.159187
-120.220  35.640  0.064106  0.064106
-120.540  35.995  0.096309  0.096309