-123.264006  47.732699  0.064153
-123.264006  47.777616  0.154016
-123.264006  47.822532  0.070243
-123.264006  47.867448  0.010454
-123.264006  47.912364  0.076293
-123.264006  47.957280  0.132797
-123.264006  48.002196  0.087780
-123.264006  48.047112  0.141714
-123.264006  48.092028  0.056383
-123.264006  48.136944  0.016674
-123.264006  48.181861  0.017412
-123.196937  47.732699  0.020651
-123.196937  47.777616  0.064543
-123.196937  47.822532  0.067708
-123.196937  47.867448  0.024841
-123.196937  47.912364  0.064379
-123.196937  47.957280  0.089311
-123.196937  48.002196  0.203043
-123.196937  48.047112  0.106163
-123.196937  48.092028  0.035220
-123.196937  48.136944  0.038388
-123.196937  48.181861  0.033358
-123.129868  47.732699  0.045534
-123.129868  47.777616  0.021866
-123.129868  47.822532  0.054128
-123.129868  47.867448  0.025609
-123.129868  47.912364  0.047234
-123.129868  47.957280  0.052766
-123.129868  48.002196  0.147596
-123.129868  48.047112  0.045383
-123.129868  48.092028  0.058181
-123.129868  48.136944  0.148429
-123.129868  48.181861  0.283445
-123.062798  47.732699  0.069403
-123.062798  47.777616  0.050572
-123.062798  47.822532  0.014103
-123.062798  47.867448  0.033703
-123.062798  47.912364  0.304847
-123.062798  47.957280  0.218645
-123.062798  48.002196  0.147930
-123.062798  48.047112  0.055029
-123.062798  48.092028  0.164782
-123.062798  48.136944  0.291157
-123.062798  48.181861  0.259521
-122.995729  47.732699  0.112182
-122.995729  47.777616  0.095741
-122.995729  47.822532  0.030510
-122.995729  47.867448  0.213435
-122.995729  47.912364  0.333983
-122.995729  47.957280  0.379984
-122.995729  48.002196  0.179912
-122.995729  48.047112  0.147339
-122.995729  48.092028  0.146456
-122.995729  48.136944  0.080502
-122.995729  48.181861  0.386771
-122.928660  47.732699  0.155301
-122.928660  47.777616  0.063380
-122.928660  47.822532  0.040825
-122.928660  47.867448  0.090740
-122.928660  47.912364  0.423065
-122.928660  47.957280  0.296203
-122.928660  48.002196  0.088708
-122.928660  48.047112  0.238003
-122.928660  48.092028  0.127182
-122.928660  48.136944  0.215650
-122.928660  48.181861  0.379731
-122.861591  47.732699  0.219772
-122.861591  47.777616  0.076560
-122.861591  47.822532  0.251060
-122.861591  47.867448  0.134338
-122.861591  47.912364  0.228868
-122.861591  47.957280  0.912864
-122.861591  48.002196  0.328197
-122.861591  48.047112  0.178583
-122.861591  48.092028  0.407061
-122.861591  48.136944  0.441609
-122.861591  48.181861  0.710332
-122.794522  47.732699  0.726253
-122.794522  47.777616  0.105672
-122.794522  47.822532  0.191938
-122.794522  47.867448  0.217384
-122.794522  47.912364  0.063383
-122.794522  47.957280  1.000000
-122.794522  48.002196  0.531202
-122.794522  48.047112  0.374012
-122.794522  48.092028  0.255675
-122.794522  48.136944  0.406900
-122.794522  48.181861  0.658192
-122.727452  47.732699  0.308731
-122.727452  47.777616  0.123669
-122.727452  47.822532  0.150249
-122.727452  47.867448  0.233055
-122.727452  48.136944  0.359432
-122.660383  47.777616  0.163320
-122.660383  47.822532  0.437040
-122.593314  47.732699  0.296772