-123.264006  47.732699  0.035080
-123.264006  47.777616  0.073762
-123.264006  47.822532  0.055537
-123.264006  47.867448  0.025416
-123.264006  47.912364  0.076441
-123.264006  47.957280  0.116304
-123.264006  48.002196  0.113129
-123.264006  48.047112  0.215826
-123.264006  48.092028  0.063910
-123.264006  48.136944  0.041450
-123.264006  48.181861  0.069157
-123.196937  47.732699  0.046219
-123.196937  47.777616  0.100448
-123.196937  47.822532  0.112473
-123.196937  47.867448  0.128799
-123.196937  47.912364  0.098733
-123.196937  47.957280  0.124516
-123.196937  48.002196  0.257050
-123.196937  48.047112  0.142762
-123.196937  48.092028  0.063152
-123.196937  48.136944  0.099813
-123.196937  48.181861  0.136561
-123.129868  47.732699  0.063864
-123.129868  47.777616  0.073593
-123.129868  47.822532  0.120815
-123.129868  47.867448  0.055501
-123.129868  47.912364  0.128857
-123.129868  47.957280  0.069730
-123.129868  48.002196  0.253614
-123.129868  48.047112  0.149582
-123.129868  48.092028  0.098969
-123.129868  48.136944  0.209166
-123.129868  48.181861  0.186172
-123.062798  47.732699  0.044854
-123.062798  47.777616  0.083638
-123.062798  47.822532  0.059328
-123.062798  47.867448  0.041837
-123.062798  47.912364  0.117574
-123.062798  47.957280  0.164492
-123.062798  48.002196  0.226821
-123.062798  48.047112  0.175413
-123.062798  48.092028  0.207212
-123.062798  48.136944  0.226856
-123.062798  48.181861  0.192716
-122.995729  47.732699  0.035281
-122.995729  47.777616  0.108366
-122.995729  47.822532  0.021286
-122.995729  47.867448  0.067616
-122.995729  47.912364  0.132049
-122.995729  47.957280  0.285975
-122.995729  48.002196  0.245561
-122.995729  48.047112  1.000000
-122.995729  48.092028  0.519650
-122.995729  48.136944  0.187768
-122.995729  48.181861  0.168623
-122.928660  47.732699  0.042862
-122.928660  47.777616  0.034521
-122.928660  47.822532  0.021588
-122.928660  47.867448  0.063225
-122.928660  47.912364  0.105939
-122.928660  47.957280  0.144506
-122.928660  48.002196  0.181830
-122.928660  48.047112  0.862856
-122.928660  48.092028  0.231073
-122.928660  48.136944  0.115728
-122.928660  48.181861  0.112590
-122.861591  47.732699  0.019386
-122.861591  47.777616  0.034848
-122.861591  47.822532  0.137195
-122.861591  47.867448  0.067208
-122.861591  47.912364  0.055039
-122.861591  47.957280  0.156733
-122.861591  48.002196  0.071321
-122.861591  48.047112  0.103627
-122.861591  48.092028  0.079297
-122.861591  48.136944  0.081269
-122.861591  48.181861  0.056887
-122.794522  47.732699  0.075160
-122.794522  47.777616  0.031379
-122.794522  47.822532  0.104222
-122.794522  47.867448  0.053807
-122.794522  47.912364  0.028283
-122.794522  47.957280  0.045191
-122.794522  48.002196  0.019402
-122.794522  48.047112  0.029574
-122.794522  48.092028  0.025063
-122.794522  48.136944  0.025458
-122.794522  48.181861  0.032043
-122.727452  47.732699  0.030096
-122.727452  47.777616  0.029163
-122.727452  47.822532  0.032993
-122.727452  47.867448  0.043041
-122.727452  48.136944  0.036857
-122.660383  47.777616  0.017182
-122.660383  47.822532  0.016917
-122.593314  47.732699  0.014112