-123.264006  47.732699  0.192350
-123.264006  47.777616  0.299012
-123.264006  47.822532  0.286805
-123.264006  47.867448  0.119472
-123.264006  47.912364  0.111453
-123.264006  47.957280  0.288947
-123.264006  48.002196  0.234865
-123.264006  48.047112  0.260436
-123.264006  48.092028  0.159904
-123.264006  48.136944  0.094458
-123.264006  48.181861  0.126019
-123.196937  47.732699  0.163968
-123.196937  47.777616  0.211848
-123.196937  47.822532  0.295544
-123.196937  47.867448  0.210889
-123.196937  47.912364  0.246304
-123.196937  47.957280  0.338974
-123.196937  48.002196  0.334474
-123.196937  48.047112  0.295867
-123.196937  48.092028  0.188805
-123.196937  48.136944  0.181553
-123.196937  48.181861  0.167864
-123.129868  47.732699  0.107209
-123.129868  47.777616  0.142549
-123.129868  47.822532  0.229207
-123.129868  47.867448  0.126686
-123.129868  47.912364  0.246723
-123.129868  47.957280  0.164666
-123.129868  48.002196  0.359735
-123.129868  48.047112  0.189129
-123.129868  48.092028  0.342803
-123.129868  48.136944  0.319284
-123.129868  48.181861  0.408502
-123.062798  47.732699  0.149004
-123.062798  47.777616  0.186868
-123.062798  47.822532  0.131500
-123.062798  47.867448  0.205464
-123.062798  47.912364  0.483183
-123.062798  47.957280  0.333677
-123.062798  48.002196  0.298143
-123.062798  48.047112  0.188197
-123.062798  48.092028  0.311293
-123.062798  48.136944  0.389750
-123.062798  48.181861  0.364850
-122.995729  47.732699  0.152971
-122.995729  47.777616  0.243353
-122.995729  47.822532  0.157818
-122.995729  47.867448  0.277121
-122.995729  47.912364  0.427618
-122.995729  47.957280  0.495710
-122.995729  48.002196  0.363043
-122.995729  48.047112  0.331618
-122.995729  48.092028  0.283311
-122.995729  48.136944  0.375460
-122.995729  48.181861  0.515748
-122.928660  47.732699  0.262444
-122.928660  47.777616  0.336136
-122.928660  47.822532  0.229924
-122.928660  47.867448  0.332903
-122.928660  47.912364  0.429775
-122.928660  47.957280  0.414238
-122.928660  48.002196  0.381266
-122.928660  48.047112  0.403423
-122.928660  48.092028  0.246392
-122.928660  48.136944  0.383924
-122.928660  48.181861  0.516047
-122.861591  47.732699  0.192592
-122.861591  47.777616  0.180648
-122.861591  47.822532  0.512412
-122.861591  47.867448  0.337528
-122.861591  47.912364  0.329367
-122.861591  47.957280  1.000000
-122.861591  48.002196  0.452397
-122.861591  48.047112  0.343045
-122.861591  48.092028  0.450714
-122.861591  48.136944  0.440799
-122.861591  48.181861  0.748971
-122.794522  47.732699  0.753977
-122.794522  47.777616  0.410715
-122.794522  47.822532  0.403626
-122.794522  47.867448  0.294631
-122.794522  47.912364  0.300429
-122.794522  47.957280  0.835973
-122.794522  48.002196  0.684856
-122.794522  48.047112  0.481975
-122.794522  48.092028  0.312955
-122.794522  48.136944  0.359246
-122.794522  48.181861  0.632470
-122.727452  47.732699  0.416988
-122.727452  47.777616  0.329173
-122.727452  47.822532  0.294932
-122.727452  47.867448  0.689734
-122.727452  48.136944  0.466308
-122.660383  47.777616  0.228004
-122.660383  47.822532  0.330852
-122.593314  47.732699  0.412157