-123.264006  47.732699  0.056890
-123.264006  47.777616  0.089270
-123.264006  47.822532  0.093290
-123.264006  47.867448  0.028530
-123.264006  47.912364  0.061872
-123.264006  47.957280  0.056189
-123.264006  48.002196  0.112391
-123.264006  48.047112  0.150329
-123.264006  48.092028  0.095319
-123.264006  48.136944  0.054755
-123.264006  48.181861  0.048595
-123.196937  47.732699  0.048964
-123.196937  47.777616  0.128883
-123.196937  47.822532  0.164428
-123.196937  47.867448  0.235844
-123.196937  47.912364  0.165301
-123.196937  47.957280  0.083044
-123.196937  48.002196  0.221284
-123.196937  48.047112  0.122370
-123.196937  48.092028  0.046076
-123.196937  48.136944  0.084186
-123.196937  48.181861  0.130118
-123.129868  47.732699  0.037293
-123.129868  47.777616  0.092877
-123.129868  47.822532  0.086609
-123.129868  47.867448  0.081600
-123.129868  47.912364  0.058243
-123.129868  47.957280  0.050641
-123.129868  48.002196  0.231645
-123.129868  48.047112  0.131334
-123.129868  48.092028  0.098768
-123.129868  48.136944  0.212970
-123.129868  48.181861  0.208647
-123.062798  47.732699  0.040986
-123.062798  47.777616  0.120097
-123.062798  47.822532  0.069801
-123.062798  47.867448  0.082573
-123.062798  47.912364  0.168075
-123.062798  47.957280  0.113880
-123.062798  48.002196  0.239991
-123.062798  48.047112  0.146088
-123.062798  48.092028  0.278084
-123.062798  48.136944  0.283314
-123.062798  48.181861  0.167183
-122.995729  47.732699  0.036751
-122.995729  47.777616  0.082133
-122.995729  47.822532  0.059671
-122.995729  47.867448  0.070757
-122.995729  47.912364  0.152355
-122.995729  47.957280  0.303670
-122.995729  48.002196  0.348729
-122.995729  48.047112  1.000000
-122.995729  48.092028  0.434008
-122.995729  48.136944  0.190531
-122.995729  48.181861  0.222728
-122.928660  47.732699  0.024671
-122.928660  47.777616  0.096314
-122.928660  47.822532  0.033800
-122.928660  47.867448  0.076094
-122.928660  47.912364  0.104447
-122.928660  47.957280  0.150536
-122.928660  48.002196  0.265520
-122.928660  48.047112  0.779018
-122.928660  48.092028  0.214390
-122.928660  48.136944  0.123344
-122.928660  48.181861  0.154029
-122.861591  47.732699  0.016554
-122.861591  47.777616  0.045932
-122.861591  47.822532  0.310715
-122.861591  47.867448  0.070289
-122.861591  47.912364  0.044597
-122.861591  47.957280  0.289331
-122.861591  48.002196  0.137969
-122.861591  48.047112  0.112842
-122.861591  48.092028  0.078252
-122.861591  48.136944  0.091734
-122.861591  48.181861  0.108086
-122.794522  47.732699  0.176482
-122.794522  47.777616  0.097846
-122.794522  47.822532  0.127960
-122.794522  47.867448  0.047326
-122.794522  47.912364  0.033871
-122.794522  47.957280  0.064083
-122.794522  48.002196  0.041048
-122.794522  48.047112  0.032429
-122.794522  48.092028  0.017950
-122.794522  48.136944  0.025198
-122.794522  48.181861  0.069916
-122.727452  47.732699  0.033706
-122.727452  47.777616  0.043289
-122.727452  47.822532  0.025070
-122.727452  47.867448  0.049978
-122.727452  48.136944  0.024849
-122.660383  47.777616  0.018045
-122.660383  47.822532  0.022190
-122.593314  47.732699  0.015308