-123.264006  47.732699  0.049230
-123.264006  47.777616  0.103853
-123.264006  47.822532  0.105908
-123.264006  47.867448  0.055165
-123.264006  47.912364  0.043895
-123.264006  47.957280  0.083992
-123.264006  48.002196  0.135138
-123.264006  48.047112  0.253742
-123.264006  48.092028  0.081818
-123.264006  48.136944  0.071592
-123.264006  48.181861  0.058824
-123.196937  47.732699  0.068905
-123.196937  47.777616  0.127519
-123.196937  47.822532  0.181283
-123.196937  47.867448  0.184803
-123.196937  47.912364  0.161639
-123.196937  47.957280  0.135273
-123.196937  48.002196  0.332379
-123.196937  48.047112  0.188171
-123.196937  48.092028  0.068481
-123.196937  48.136944  0.097500
-123.196937  48.181861  0.131886
-123.129868  47.732699  0.060215
-123.129868  47.777616  0.092153
-123.129868  47.822532  0.193467
-123.129868  47.867448  0.095084
-123.129868  47.912364  0.078937
-123.129868  47.957280  0.092170
-123.129868  48.002196  0.334651
-123.129868  48.047112  0.214678
-123.129868  48.092028  0.117707
-123.129868  48.136944  0.263076
-123.129868  48.181861  0.245778
-123.062798  47.732699  0.068415
-123.062798  47.777616  0.109485
-123.062798  47.822532  0.054822
-123.062798  47.867448  0.049185
-123.062798  47.912364  0.181573
-123.062798  47.957280  0.197085
-123.062798  48.002196  0.293038
-123.062798  48.047112  0.215572
-123.062798  48.092028  0.303224
-123.062798  48.136944  0.327760
-123.062798  48.181861  0.203266
-122.995729  47.732699  0.038597
-122.995729  47.777616  0.092014
-122.995729  47.822532  0.071788
-122.995729  47.867448  0.116419
-122.995729  47.912364  0.221587
-122.995729  47.957280  0.405320
-122.995729  48.002196  0.329179
-122.995729  48.047112  1.000000
-122.995729  48.092028  0.592573
-122.995729  48.136944  0.219129
-122.995729  48.181861  0.232679
-122.928660  47.732699  0.025908
-122.928660  47.777616  0.109982
-122.928660  47.822532  0.026987
-122.928660  47.867448  0.073581
-122.928660  47.912364  0.155976
-122.928660  47.957280  0.222451
-122.928660  48.002196  0.291545
-122.928660  48.047112  0.872831
-122.928660  48.092028  0.309856
-122.928660  48.136944  0.133938
-122.928660  48.181861  0.161923
-122.861591  47.732699  0.020416
-122.861591  47.777616  0.060457
-122.861591  47.822532  0.249492
-122.861591  47.867448  0.089696
-122.861591  47.912364  0.071252
-122.861591  47.957280  0.191107
-122.861591  48.002196  0.102609
-122.861591  48.047112  0.114809
-122.861591  48.092028  0.121820
-122.861591  48.136944  0.098919
-122.861591  48.181861  0.073431
-122.794522  47.732699  0.155237
-122.794522  47.777616  0.063109
-122.794522  47.822532  0.146523
-122.794522  47.867448  0.079841
-122.794522  47.912364  0.053666
-122.794522  47.957280  0.067080
-122.794522  48.002196  0.036662
-122.794522  48.047112  0.030728
-122.794522  48.092028  0.040543
-122.794522  48.136944  0.023784
-122.794522  48.181861  0.043851
-122.727452  47.732699  0.027182
-122.727452  47.777616  0.035522
-122.727452  47.822532  0.042329
-122.727452  47.867448  0.047457
-122.727452  48.136944  0.035264
-122.660383  47.777616  0.023760
-122.660383  47.822532  0.024258
-122.593314  47.732699  0.023837