-123.264006  47.732699  0.062288
-123.264006  47.777616  0.077371
-123.264006  47.822532  0.077049
-123.264006  47.867448  0.042401
-123.264006  47.912364  0.046390
-123.264006  47.957280  0.049761
-123.264006  48.002196  0.054930
-123.264006  48.047112  0.041040
-123.264006  48.092028  0.044236
-123.264006  48.136944  0.022165
-123.264006  48.181861  0.026881
-123.196937  47.732699  0.054485
-123.196937  47.777616  0.066215
-123.196937  47.822532  0.105828
-123.196937  47.867448  0.087781
-123.196937  47.912364  0.083099
-123.196937  47.957280  0.056817
-123.196937  48.002196  0.065884
-123.196937  48.047112  0.044508
-123.196937  48.092028  0.029373
-123.196937  48.136944  0.034001
-123.196937  48.181861  0.031561
-123.129868  47.732699  0.028063
-123.129868  47.777616  0.049150
-123.129868  47.822532  0.045793
-123.129868  47.867448  0.053924
-123.129868  47.912364  0.045844
-123.129868  47.957280  0.049419
-123.129868  48.002196  0.056003
-123.129868  48.047112  0.039990
-123.129868  48.092028  0.082596
-123.129868  48.136944  0.079366
-123.129868  48.181861  0.122695
-123.062798  47.732699  0.040332
-123.062798  47.777616  0.067661
-123.062798  47.822532  0.046349
-123.062798  47.867448  0.046433
-123.062798  47.912364  0.118812
-123.062798  47.957280  0.068368
-123.062798  48.002196  0.064139
-123.062798  48.047112  0.033462
-123.062798  48.092028  0.086999
-123.062798  48.136944  0.113102
-123.062798  48.181861  0.086648
-122.995729  47.732699  0.048778
-122.995729  47.777616  0.052863
-122.995729  47.822532  0.067950
-122.995729  47.867448  0.101707
-122.995729  47.912364  0.091696
-122.995729  47.957280  0.102875
-122.995729  48.002196  0.084151
-122.995729  48.047112  0.072792
-122.995729  48.092028  0.054368
-122.995729  48.136944  0.122648
-122.995729  48.181861  0.145467
-122.928660  47.732699  0.054053
-122.928660  47.777616  0.132304
-122.928660  47.822532  0.031256
-122.928660  47.867448  0.059036
-122.928660  47.912364  0.080730
-122.928660  47.957280  0.100254
-122.928660  48.002196  0.082808
-122.928660  48.047112  0.091696
-122.928660  48.092028  0.053929
-122.928660  48.136944  0.074925
-122.928660  48.181861  0.173550
-122.861591  47.732699  1.000000
-122.861591  47.777616  0.069518
-122.861591  47.822532  0.306067
-122.861591  47.867448  0.096963
-122.861591  47.912364  0.054365
-122.861591  47.957280  0.412410
-122.861591  48.002196  0.123325
-122.861591  48.047112  0.115004
-122.861591  48.092028  0.148916
-122.861591  48.136944  0.122658
-122.861591  48.181861  0.338713
-122.794522  47.732699  0.410542
-122.794522  47.777616  0.108587
-122.794522  47.822532  0.106668
-122.794522  47.867448  0.045733
-122.794522  47.912364  0.077230
-122.794522  47.957280  0.252478
-122.794522  48.002196  0.500126
-122.794522  48.047112  0.203952
-122.794522  48.092028  0.086938
-122.794522  48.136944  0.052811
-122.794522  48.181861  0.370528
-122.727452  47.732699  0.268316
-122.727452  47.777616  0.067959
-122.727452  47.822532  0.064086
-122.727452  47.867448  0.213824
-122.727452  48.136944  0.104504
-122.660383  47.777616  0.146157
-122.660383  47.822532  0.135761
-122.593314  47.732699  0.309176