-123.264006  47.732699  0.149308
-123.264006  47.777616  0.242294
-123.264006  47.822532  0.213113
-123.264006  47.867448  0.147662
-123.264006  47.912364  0.097459
-123.264006  47.957280  0.149400
-123.264006  48.002196  0.165527
-123.264006  48.047112  0.163975
-123.264006  48.092028  0.113729
-123.264006  48.136944  0.050577
-123.264006  48.181861  0.110431
-123.196937  47.732699  0.246315
-123.196937  47.777616  0.174583
-123.196937  47.822532  0.244970
-123.196937  47.867448  0.217294
-123.196937  47.912364  0.187162
-123.196937  47.957280  0.220939
-123.196937  48.002196  0.257882
-123.196937  48.047112  0.179050
-123.196937  48.092028  0.092680
-123.196937  48.136944  0.107011
-123.196937  48.181861  0.110955
-123.129868  47.732699  0.092268
-123.129868  47.777616  0.118581
-123.129868  47.822532  0.160731
-123.129868  47.867448  0.133222
-123.129868  47.912364  0.128064
-123.129868  47.957280  0.157722
-123.129868  48.002196  0.235489
-123.129868  48.047112  0.139506
-123.129868  48.092028  0.252870
-123.129868  48.136944  0.234657
-123.129868  48.181861  0.282415
-123.062798  47.732699  0.097767
-123.062798  47.777616  0.166131
-123.062798  47.822532  0.142241
-123.062798  47.867448  0.147475
-123.062798  47.912364  0.351978
-123.062798  47.957280  0.272575
-123.062798  48.002196  0.217297
-123.062798  48.047112  0.118127
-123.062798  48.092028  0.227876
-123.062798  48.136944  0.306029
-123.062798  48.181861  0.235566
-122.995729  47.732699  0.135223
-122.995729  47.777616  0.133836
-122.995729  47.822532  0.133780
-122.995729  47.867448  0.390713
-122.995729  47.912364  0.347182
-122.995729  47.957280  0.392978
-122.995729  48.002196  0.314893
-122.995729  48.047112  0.204523
-122.995729  48.092028  0.176933
-122.995729  48.136944  0.296280
-122.995729  48.181861  0.385773
-122.928660  47.732699  0.181936
-122.928660  47.777616  0.302965
-122.928660  47.822532  0.169803
-122.928660  47.867448  0.199290
-122.928660  47.912364  0.355175
-122.928660  47.957280  0.342383
-122.928660  48.002196  0.254337
-122.928660  48.047112  0.258072
-122.928660  48.092028  0.181937
-122.928660  48.136944  0.287768
-122.928660  48.181861  0.401283
-122.861591  47.732699  0.157652
-122.861591  47.777616  0.228608
-122.861591  47.822532  0.494263
-122.861591  47.867448  0.451967
-122.861591  47.912364  0.295123
-122.861591  47.957280  0.530328
-122.861591  48.002196  0.422113
-122.861591  48.047112  0.253008
-122.861591  48.092028  0.397044
-122.861591  48.136944  0.316192
-122.861591  48.181861  0.559220
-122.794522  47.732699  0.914347
-122.794522  47.777616  0.444548
-122.794522  47.822532  0.303244
-122.794522  47.867448  0.200017
-122.794522  47.912364  0.189749
-122.794522  47.957280  0.614828
-122.794522  48.002196  0.418701
-122.794522  48.047112  0.491945
-122.794522  48.092028  0.486169
-122.794522  48.136944  0.194717
-122.794522  48.181861  0.461131
-122.727452  47.732699  1.000000
-122.727452  47.777616  0.240070
-122.727452  47.822532  0.207947
-122.727452  47.867448  0.487786
-122.727452  48.136944  0.328850
-122.660383  47.777616  0.352462
-122.660383  47.822532  0.297423
-122.593314  47.732699  0.667760