-123.264006  47.732699  0.020890
-123.264006  47.777616  0.102962
-123.264006  47.822532  0.028730
-123.264006  47.867448  0.010227
-123.264006  47.912364  0.024402
-123.264006  47.957280  0.058182
-123.264006  48.002196  0.027618
-123.264006  48.047112  0.043603
-123.264006  48.092028  0.029174
-123.264006  48.136944  0.003192
-123.264006  48.181861  0.014876
-123.196937  47.732699  0.018959
-123.196937  47.777616  0.025501
-123.196937  47.822532  0.051294
-123.196937  47.867448  0.035927
-123.196937  47.912364  0.030894
-123.196937  47.957280  0.029873
-123.196937  48.002196  0.139758
-123.196937  48.047112  0.062325
-123.196937  48.092028  0.021546
-123.196937  48.136944  0.018862
-123.196937  48.181861  0.014523
-123.129868  47.732699  0.003768
-123.129868  47.777616  0.019479
-123.129868  47.822532  0.031166
-123.129868  47.867448  0.030950
-123.129868  47.912364  0.033560
-123.129868  47.957280  0.029494
-123.129868  48.002196  0.072664
-123.129868  48.047112  0.018406
-123.129868  48.092028  0.018829
-123.129868  48.136944  0.083414
-123.129868  48.181861  0.083179
-123.062798  47.732699  0.041432
-123.062798  47.777616  0.073126
-123.062798  47.822532  0.003853
-123.062798  47.867448  0.022000
-123.062798  47.912364  0.242426
-123.062798  47.957280  0.128632
-123.062798  48.002196  0.105607
-123.062798  48.047112  0.042729
-123.062798  48.092028  0.092304
-123.062798  48.136944  0.179419
-123.062798  48.181861  0.133724
-122.995729  47.732699  0.029694
-122.995729  47.777616  0.040833
-122.995729  47.822532  0.018655
-122.995729  47.867448  0.218200
-122.995729  47.912364  0.222832
-122.995729  47.957280  0.201755
-122.995729  48.002196  0.089045
-122.995729  48.047112  0.065052
-122.995729  48.092028  0.059193
-122.995729  48.136944  0.079664
-122.995729  48.181861  0.278587
-122.928660  47.732699  0.144036
-122.928660  47.777616  0.227872
-122.928660  47.822532  0.023405
-122.928660  47.867448  0.034053
-122.928660  47.912364  0.265543
-122.928660  47.957280  0.217117
-122.928660  48.002196  0.071298
-122.928660  48.047112  0.082211
-122.928660  48.092028  0.074990
-122.928660  48.136944  0.070581
-122.928660  48.181861  0.352983
-122.861591  47.732699  0.137322
-122.861591  47.777616  0.069145
-122.861591  47.822532  0.235643
-122.861591  47.867448  0.401849
-122.861591  47.912364  0.333381
-122.861591  47.957280  1.000000
-122.861591  48.002196  0.142113
-122.861591  48.047112  0.063719
-122.861591  48.092028  0.192987
-122.861591  48.136944  0.236481
-122.861591  48.181861  0.448886
-122.794522  47.732699  0.858047
-122.794522  47.777616  0.142236
-122.794522  47.822532  0.095415
-122.794522  47.867448  0.148412
-122.794522  47.912364  0.066818
-122.794522  47.957280  0.674820
-122.794522  48.002196  0.324103
-122.794522  48.047112  0.337648
-122.794522  48.092028  0.132230
-122.794522  48.136944  0.089020
-122.794522  48.181861  0.414061
-122.727452  47.732699  0.232250
-122.727452  47.777616  0.141615
-122.727452  47.822532  0.092074
-122.727452  47.867448  0.188016
-122.727452  48.136944  0.195935
-122.660383  47.777616  0.080213
-122.660383  47.822532  0.128285
-122.593314  47.732699  0.106178