-123.264006  47.732699  0.026010
-123.264006  47.777616  0.092790
-123.264006  47.822532  0.051940
-123.264006  47.867448  0.010506
-123.264006  47.912364  0.007548
-123.264006  47.957280  0.020296
-123.264006  48.002196  0.064196
-123.264006  48.047112  0.030470
-123.264006  48.092028  0.021806
-123.264006  48.136944  0.001844
-123.264006  48.181861  0.006121
-123.196937  47.732699  0.036623
-123.196937  47.777616  0.010340
-123.196937  47.822532  0.078552
-123.196937  47.867448  0.036792
-123.196937  47.912364  0.037377
-123.196937  47.957280  0.010737
-123.196937  48.002196  0.114195
-123.196937  48.047112  0.026339
-123.196937  48.092028  0.004557
-123.196937  48.136944  0.012098
-123.196937  48.181861  0.014182
-123.129868  47.732699  0.009266
-123.129868  47.777616  0.016511
-123.129868  47.822532  0.030838
-123.129868  47.867448  0.024538
-123.129868  47.912364  0.035164
-123.129868  47.957280  0.024013
-123.129868  48.002196  0.063053
-123.129868  48.047112  0.021382
-123.129868  48.092028  0.008180
-123.129868  48.136944  0.074577
-123.129868  48.181861  0.040927
-123.062798  47.732699  0.017066
-123.062798  47.777616  0.089137
-123.062798  47.822532  0.009980
-123.062798  47.867448  0.026828
-123.062798  47.912364  0.230283
-123.062798  47.957280  0.097965
-123.062798  48.002196  0.078403
-123.062798  48.047112  0.024331
-123.062798  48.092028  0.048492
-123.062798  48.136944  0.145961
-123.062798  48.181861  0.045125
-122.995729  47.732699  0.022558
-122.995729  47.777616  0.043135
-122.995729  47.822532  0.031066
-122.995729  47.867448  0.151159
-122.995729  47.912364  0.234205
-122.995729  47.957280  0.181869
-122.995729  48.002196  0.101992
-122.995729  48.047112  0.077323
-122.995729  48.092028  0.043415
-122.995729  48.136944  0.049277
-122.995729  48.181861  0.309454
-122.928660  47.732699  0.030008
-122.928660  47.777616  0.309746
-122.928660  47.822532  0.025432
-122.928660  47.867448  0.069430
-122.928660  47.912364  0.145047
-122.928660  47.957280  0.164751
-122.928660  48.002196  0.097671
-122.928660  48.047112  0.078227
-122.928660  48.092028  0.053777
-122.928660  48.136944  0.042763
-122.928660  48.181861  0.334972
-122.861591  47.732699  0.063519
-122.861591  47.777616  0.109417
-122.861591  47.822532  0.393079
-122.861591  47.867448  0.286286
-122.861591  47.912364  0.242718
-122.861591  47.957280  0.997888
-122.861591  48.002196  0.106445
-122.861591  48.047112  0.061672
-122.861591  48.092028  0.157251
-122.861591  48.136944  0.248081
-122.861591  48.181861  0.720243
-122.794522  47.732699  1.000000
-122.794522  47.777616  0.263404
-122.794522  47.822532  0.085016
-122.794522  47.867448  0.084085
-122.794522  47.912364  0.028499
-122.794522  47.957280  0.838017
-122.794522  48.002196  0.392417
-122.794522  48.047112  0.433954
-122.794522  48.092028  0.039171
-122.794522  48.136944  0.056975
-122.794522  48.181861  0.934142
-122.727452  47.732699  0.303207
-122.727452  47.777616  0.076783
-122.727452  47.822532  0.053251
-122.727452  47.867448  0.550919
-122.727452  48.136944  0.468924
-122.660383  47.777616  0.056127
-122.660383  47.822532  0.184455
-122.593314  47.732699  0.104233