-123.264006  47.732699 -16.181002
-123.264006  47.777616   0.040360
-123.264006  47.822532   2.299482
-123.264006  47.867448   5.246572
-123.264006  47.912364   2.007633
-123.264006  47.957280   3.538614
-123.264006  48.002196   3.407490
-123.264006  48.047112   3.584187
-123.264006  48.092028   9.621354
-123.264006  48.136944   7.743897
-123.264006  48.181861   6.304676
-123.196937  47.732699 -11.356769
-123.196937  47.777616  -0.118479
-123.196937  47.822532   2.079038
-123.196937  47.867448   3.026287
-123.196937  47.912364   3.746068
-123.196937  47.957280   3.800140
-123.196937  48.002196   5.054301
-123.196937  48.047112   2.896021
-123.196937  48.092028 -15.688593
-123.196937  48.136944   2.834461
-123.196937  48.181861  -6.552362
-123.129868  47.732699   2.739920
-123.129868  47.777616   4.888100
-123.129868  47.822532   3.542801
-123.129868  47.867448   3.528612
-123.129868  47.912364   2.020053
-123.129868  47.957280   3.848898
-123.129868  48.002196   2.412270
-123.129868  48.047112   2.085877
-123.129868  48.092028   3.463335
-123.129868  48.136944  -8.621833
-123.129868  48.181861  -3.886740
-123.062798  47.732699   1.551187
-123.062798  47.777616  -2.939732
-123.062798  47.822532   2.915552
-123.062798  47.867448   7.690124
-123.062798  47.912364  -2.780441
-123.062798  47.957280  -0.523601
-123.062798  48.002196   0.627977
-123.062798  48.047112   2.888468
-123.062798  48.092028   2.454150
-123.062798  48.136944   3.705473
-123.062798  48.181861  -4.295060
-122.995729  47.732699   9.280251
-122.995729  47.777616  -6.977442
-122.995729  47.822532  -2.741538
-122.995729  47.867448  -3.813441
-122.995729  47.912364  -4.218084
-122.995729  47.957280  -0.744883
-122.995729  48.002196  -0.859882
-122.995729  48.047112   1.335964
-122.995729  48.092028   1.311294
-122.995729  48.136944  -0.266759
-122.995729  48.181861  -7.498330
-122.928660  47.732699 -12.911700
-122.928660  47.777616  -7.288859
-122.928660  47.822532   3.443600
-122.928660  47.867448  -1.222920
-122.928660  47.912364  -1.703883
-122.928660  47.957280  -2.813714
-122.928660  48.002196   1.209673
-122.928660  48.047112  -0.777638
-122.928660  48.092028  -0.842451
-122.928660  48.136944  -3.409505
-122.928660  48.181861 -13.515368
-122.861591  47.732699  -8.614516
-122.861591  47.777616  -8.823177
-122.861591  47.822532   8.944221
-122.861591  47.867448  -2.687370
-122.861591  47.912364  -3.167856
-122.861591  47.957280   8.551939
-122.861591  48.002196  10.587283
-122.861591  48.047112  -2.224308
-122.861591  48.092028  -2.285577
-122.861591  48.136944  -6.275176
-122.861591  48.181861 -18.462924
-122.794522  47.732699   2.630073
-122.794522  47.777616   3.584494
-122.794522  47.822532  -4.043370
-122.794522  47.867448  -6.111183
-122.794522  47.912364  -4.852100
-122.794522  47.957280   6.668982
-122.794522  48.002196   9.577646
-122.794522  48.047112  -3.424397
-122.794522  48.092028  -5.255370
-122.794522  48.136944 -13.352280
-122.794522  48.181861   3.749792
-122.727452  47.732699  -2.409156
-122.727452  47.777616 -17.594278
-122.727452  47.822532 -14.121122
-122.727452  47.867448 -10.392501
-122.727452  48.136944  -7.041386
-122.660383  47.777616  -0.711315
-122.660383  47.822532 -17.865700
-122.593314  47.732699   0.530032