-123.264006  47.732699  -2.025210
-123.264006  47.777616   0.597121
-123.264006  47.822532   0.719260
-123.264006  47.867448   5.246572
-123.264006  47.912364   2.007633
-123.264006  47.957280   4.025733
-123.264006  48.002196   6.798009
-123.264006  48.047112   3.584187
-123.264006  48.092028   9.621354
-123.264006  48.136944 -17.728858
-123.264006  48.181861  -9.341408
-123.196937  47.732699   3.854887
-123.196937  47.777616  -2.239567
-123.196937  47.822532   0.096507
-123.196937  47.867448   3.026287
-123.196937  47.912364   3.746068
-123.196937  47.957280   3.800140
-123.196937  48.002196   5.054301
-123.196937  48.047112   2.896021
-123.196937  48.092028  10.023319
-123.196937  48.136944  12.986764
-123.196937  48.181861  -6.552362
-123.129868  47.732699  -6.919216
-123.129868  47.777616   4.408869
-123.129868  47.822532   8.580949
-123.129868  47.867448   3.528612
-123.129868  47.912364   0.688618
-123.129868  47.957280  -2.330115
-123.129868  48.002196   2.412270
-123.129868  48.047112   2.085877
-123.129868  48.092028  14.279688
-123.129868  48.136944  -8.621833
-123.129868  48.181861  -3.886740
-123.062798  47.732699   1.551187
-123.062798  47.777616  -3.426885
-123.062798  47.822532   3.363724
-123.062798  47.867448   7.690124
-123.062798  47.912364  -4.074459
-123.062798  47.957280  -3.933794
-123.062798  48.002196   0.627977
-123.062798  48.047112   2.888468
-123.062798  48.092028   2.454150
-123.062798  48.136944  -3.831021
-123.062798  48.181861 -12.909509
-122.995729  47.732699   9.280251
-122.995729  47.777616  -6.492177
-122.995729  47.822532  -2.741538
-122.995729  47.867448  -3.813441
-122.995729  47.912364  -4.218084
-122.995729  47.957280  -0.744883
-122.995729  48.002196  -2.532633
-122.995729  48.047112   1.335964
-122.995729  48.092028   1.311294
-122.995729  48.136944  -0.266759
-122.995729  48.181861  -7.498330
-122.928660  47.732699 -12.361398
-122.928660  47.777616  -7.288859
-122.928660  47.822532  -5.349115
-122.928660  47.867448  -1.222920
-122.928660  47.912364  -1.703883
-122.928660  47.957280  -1.579429
-122.928660  48.002196   1.209673
-122.928660  48.047112  -0.777638
-122.928660  48.092028   1.339247
-122.928660  48.136944  -1.113552
-122.928660  48.181861 -13.515368
-122.861591  47.732699 -10.711765
-122.861591  47.777616 -10.285226
-122.861591  47.822532   8.944221
-122.861591  47.867448  -2.687370
-122.861591  47.912364  -3.167856
-122.861591  47.957280   8.551939
-122.861591  48.002196   8.511483
-122.861591  48.047112  -2.224308
-122.861591  48.092028  -2.285577
-122.861591  48.136944   1.091319
-122.861591  48.181861   0.494281
-122.794522  47.732699   2.630073
-122.794522  47.777616   5.402258
-122.794522  47.822532  -4.043370
-122.794522  47.867448  -6.111183
-122.794522  47.912364  -4.852100
-122.794522  47.957280   6.668982
-122.794522  48.002196   9.577646
-122.794522  48.047112  -4.296256
-122.794522  48.092028  -5.255370
-122.794522  48.136944  -8.426021
-122.794522  48.181861   1.389421
-122.727452  47.732699   0.566071
-122.727452  47.777616  -9.117764
-122.727452  47.822532 -14.121122
-122.727452  47.867448 -11.794076
-122.727452  48.136944  -7.041386
-122.660383  47.777616 -20.466862
-122.660383  47.822532 -12.543250
-122.593314  47.732699   0.530032