-123.264006  47.732699   0.354580
-123.264006  47.777616   0.040360
-123.264006  47.822532   2.299482
-123.264006  47.867448   8.665640
-123.264006  47.912364   1.007386
-123.264006  47.957280   4.025733
-123.264006  48.002196   3.407490
-123.264006  48.047112   3.584187
-123.264006  48.092028   9.621354
-123.264006  48.136944   7.743897
-123.264006  48.181861   6.304676
-123.196937  47.732699  -1.028640
-123.196937  47.777616   1.955430
-123.196937  47.822532   0.595258
-123.196937  47.867448   4.908577
-123.196937  47.912364   5.586301
-123.196937  47.957280   3.800140
-123.196937  48.002196   5.054301
-123.196937  48.047112   1.478360
-123.196937  48.092028 -15.071197
-123.196937  48.136944   2.834461
-123.196937  48.181861  -6.552362
-123.129868  47.732699 -26.996415
-123.129868  47.777616   4.408869
-123.129868  47.822532   8.580949
-123.129868  47.867448  -7.567338
-123.129868  47.912364   0.688618
-123.129868  47.957280   3.848898
-123.129868  48.002196   2.412270
-123.129868  48.047112   2.085877
-123.129868  48.092028   4.839796
-123.129868  48.136944  -1.474558
-123.129868  48.181861  -3.886740
-123.062798  47.732699   1.551187
-123.062798  47.777616  -3.426885
-123.062798  47.822532   2.915552
-123.062798  47.867448   7.690124
-123.062798  47.912364  -2.780441
-123.062798  47.957280  -0.523601
-123.062798  48.002196   0.627977
-123.062798  48.047112  -1.910525
-123.062798  48.092028  -5.737501
-123.062798  48.136944  -3.831021
-123.062798  48.181861  -4.295060
-122.995729  47.732699   9.280251
-122.995729  47.777616  -6.977442
-122.995729  47.822532  -2.741538
-122.995729  47.867448  -3.813441
-122.995729  47.912364  -4.218084
-122.995729  47.957280  -0.744883
-122.995729  48.002196  -1.277856
-122.995729  48.047112   1.335964
-122.995729  48.092028  -0.449730
-122.995729  48.136944  -2.580546
-122.995729  48.181861  -7.498330
-122.928660  47.732699 -12.911700
-122.928660  47.777616  -7.288859
-122.928660  47.822532  -6.243581
-122.928660  47.867448  -1.222920
-122.928660  47.912364  -1.703883
-122.928660  47.957280  -1.579429
-122.928660  48.002196   1.209673
-122.928660  48.047112   0.491461
-122.928660  48.092028  -0.842451
-122.928660  48.136944  -3.409505
-122.928660  48.181861 -13.515368
-122.861591  47.732699 -15.664637
-122.861591  47.777616   5.534541
-122.861591  47.822532   8.944221
-122.861591  47.867448  -2.687370
-122.861591  47.912364  -3.167856
-122.861591  47.957280   8.551939
-122.861591  48.002196  10.587283
-122.861591  48.047112  -2.224308
-122.861591  48.092028  -2.285577
-122.861591  48.136944   6.918050
-122.861591  48.181861 -18.462924
-122.794522  47.732699   2.630073
-122.794522  47.777616   7.208198
-122.794522  47.822532  -4.043370
-122.794522  47.867448  -6.111183
-122.794522  47.912364  -6.138456
-122.794522  47.957280   6.668982
-122.794522  48.002196  -0.558309
-122.794522  48.047112  -4.296256
-122.794522  48.092028  -5.255370
-122.794522  48.136944  -8.426021
-122.794522  48.181861   1.389421
-122.727452  47.732699  -0.913591
-122.727452  47.777616 -17.033892
-122.727452  47.822532 -12.133709
-122.727452  47.867448 -10.392501
-122.727452  48.136944  -7.041386
-122.660383  47.777616  -6.162620
-122.660383  47.822532 -17.865700
-122.593314  47.732699  11.904071