-123.264006  47.732699  -4.502721
-123.264006  47.777616   0.597121
-123.264006  47.822532   2.299482
-123.264006  47.867448   8.182000
-123.264006  47.912364   2.007633
-123.264006  47.957280   3.538614
-123.264006  48.002196   4.870171
-123.264006  48.047112   3.584187
-123.264006  48.092028  10.106820
-123.264006  48.136944   7.743897
-123.264006  48.181861   5.775138
-123.196937  47.732699 -11.356769
-123.196937  47.777616  -0.118479
-123.196937  47.822532   0.595258
-123.196937  47.867448   1.121712
-123.196937  47.912364   3.746068
-123.196937  47.957280   2.419495
-123.196937  48.002196   5.054301
-123.196937  48.047112   4.302022
-123.196937  48.092028   3.411170
-123.196937  48.136944   2.834461
-123.196937  48.181861  -6.552362
-123.129868  47.732699  -6.919216
-123.129868  47.777616   4.408869
-123.129868  47.822532   3.542801
-123.129868  47.867448   3.528612
-123.129868  47.912364   2.020053
-123.129868  47.957280   5.157886
-123.129868  48.002196   1.970487
-123.129868  48.047112   4.772862
-123.129868  48.092028   3.463335
-123.129868  48.136944  14.512705
-123.129868  48.181861 -14.160365
-123.062798  47.732699   1.551187
-123.062798  47.777616  -2.939732
-123.062798  47.822532   2.016877
-123.062798  47.867448   7.690124
-123.062798  47.912364  -4.074459
-123.062798  47.957280  -0.523601
-123.062798  48.002196   0.627977
-123.062798  48.047112   2.888468
-123.062798  48.092028   2.454150
-123.062798  48.136944   3.705473
-123.062798  48.181861  -4.295060
-122.995729  47.732699   9.280251
-122.995729  47.777616  -6.492177
-122.995729  47.822532  -2.741538
-122.995729  47.867448  -3.813441
-122.995729  47.912364  -4.218084
-122.995729  47.957280  -0.744883
-122.995729  48.002196  -1.277856
-122.995729  48.047112   1.335964
-122.995729  48.092028   2.188403
-122.995729  48.136944  -0.266759
-122.995729  48.181861  -7.498330
-122.928660  47.732699 -11.274368
-122.928660  47.777616  -6.810871
-122.928660  47.822532  -5.795911
-122.928660  47.867448  -2.071759
-122.928660  47.912364  -1.703883
-122.928660  47.957280  -2.813714
-122.928660  48.002196   1.209673
-122.928660  48.047112  -0.777638
-122.928660  48.092028  -0.842451
-122.928660  48.136944  -2.488015
-122.928660  48.181861 -13.515368
-122.861591  47.732699  -8.614516
-122.861591  47.777616  -8.823177
-122.861591  47.822532   8.944221
-122.861591  47.867448  -2.687370
-122.861591  47.912364  -3.167856
-122.861591  47.957280   8.551939
-122.861591  48.002196  10.587283
-122.861591  48.047112  -2.224308
-122.861591  48.092028  -2.285577
-122.861591  48.136944  -0.270753
-122.861591  48.181861 -18.462924
-122.794522  47.732699   2.630073
-122.794522  47.777616   3.584494
-122.794522  47.822532  -5.405811
-122.794522  47.867448  -6.111183
-122.794522  47.912364  -6.568029
-122.794522  47.957280   6.668982
-122.794522  48.002196   9.577646
-122.794522  48.047112  -4.296256
-122.794522  48.092028   7.586618
-122.794522  48.136944 -13.352280
-122.794522  48.181861  -6.394452
-122.727452  47.732699  -2.409156
-122.727452  47.777616 -17.594278
-122.727452  47.822532 -12.626907
-122.727452  47.867448  -9.003308
-122.727452  48.136944  -7.041386
-122.660383  47.777616  -2.176949
-122.660383  47.822532  -0.792725
-122.593314  47.732699 -18.757408