-123.264006  47.732699 -19.018167
-123.264006  47.777616   0.597121
-123.264006  47.822532   4.367958
-123.264006  47.867448   8.665640
-123.264006  47.912364   1.007386
-123.264006  47.957280   4.025733
-123.264006  48.002196   3.407490
-123.264006  48.047112   3.584187
-123.264006  48.092028   9.621354
-123.264006  48.136944  14.172114
-123.264006  48.181861  -3.133327
-123.196937  47.732699   2.792328
-123.196937  47.777616   1.955430
-123.196937  47.822532   0.595258
-123.196937  47.867448  -7.324187
-123.196937  47.912364   5.586301
-123.196937  47.957280   5.626969
-123.196937  48.002196   5.054301
-123.196937  48.047112   1.478360
-123.196937  48.092028 -15.071197
-123.196937  48.136944   6.776685
-123.196937  48.181861  -6.552362
-123.129868  47.732699 -20.127699
-123.129868  47.777616   0.022875
-123.129868  47.822532   8.580949
-123.129868  47.867448  -7.567338
-123.129868  47.912364   0.688618
-123.129868  47.957280   8.196193
-123.129868  48.002196   2.412270
-123.129868  48.047112   2.085877
-123.129868  48.092028   3.463335
-123.129868  48.136944  -0.002386
-123.129868  48.181861  -8.252286
-123.062798  47.732699   1.551187
-123.062798  47.777616  -2.939732
-123.062798  47.822532   2.915552
-123.062798  47.867448   7.690124
-123.062798  47.912364  -2.780441
-123.062798  47.957280  -2.652416
-123.062798  48.002196   0.627977
-123.062798  48.047112   2.888468
-123.062798  48.092028   2.454150
-123.062798  48.136944  -0.964713
-123.062798  48.181861  -4.295060
-122.995729  47.732699   9.280251
-122.995729  47.777616  -6.977442
-122.995729  47.822532  -2.741538
-122.995729  47.867448  -3.813441
-122.995729  47.912364  -4.218084
-122.995729  47.957280  -0.744883
-122.995729  48.002196  -1.277856
-122.995729  48.047112   1.335964
-122.995729  48.092028   1.311294
-122.995729  48.136944  -2.580546
-122.995729  48.181861  -7.498330
-122.928660  47.732699 -11.274368
-122.928660  47.777616  -5.859967
-122.928660  47.822532  -6.243581
-122.928660  47.867448  -7.191661
-122.928660  47.912364  -1.703883
-122.928660  47.957280  -1.579429
-122.928660  48.002196   1.209673
-122.928660  48.047112   0.491461
-122.928660  48.092028  -0.842451
-122.928660  48.136944  -3.409505
-122.928660  48.181861 -13.515368
-122.861591  47.732699  13.349071
-122.861591  47.777616 -14.806390
-122.861591  47.822532   8.944221
-122.861591  47.867448  -2.687370
-122.861591  47.912364  -3.167856
-122.861591  47.957280   8.551939
-122.861591  48.002196  10.587283
-122.861591  48.047112  -2.224308
-122.861591  48.092028  -2.285577
-122.861591  48.136944   6.918050
-122.861591  48.181861 -18.462924
-122.794522  47.732699   1.191822
-122.794522  47.777616   2.212559
-122.794522  47.822532  -4.043370
-122.794522  47.867448  -6.111183
-122.794522  47.912364  -6.138456
-122.794522  47.957280   6.668982
-122.794522  48.002196   9.577646
-122.794522  48.047112  -3.424397
-122.794522  48.092028  -5.255370
-122.794522  48.136944  -8.426021
-122.794522  48.181861  -3.917178
-122.727452  47.732699  -0.913591
-122.727452  47.777616 -17.594278
-122.727452  47.822532 -12.626907
-122.727452  47.867448 -11.794076
-122.727452  48.136944  -7.041386
-122.660383  47.777616  -9.765479
-122.660383  47.822532  -8.010558
-122.593314  47.732699  11.904071