-123.264006  47.732699 -16.181002
-123.264006  47.777616   0.597121
-123.264006  47.822532   2.299482
-123.264006  47.867448  10.107994
-123.264006  47.912364  -0.510367
-123.264006  47.957280   4.025733
-123.264006  48.002196   8.228918
-123.264006  48.047112   3.584187
-123.264006  48.092028   9.621354
-123.264006  48.136944   5.706322
-123.264006  48.181861   6.304676
-123.196937  47.732699  -1.028640
-123.196937  47.777616  -1.704396
-123.196937  47.822532   2.079038
-123.196937  47.867448   1.121712
-123.196937  47.912364   3.746068
-123.196937  47.957280   2.419495
-123.196937  48.002196   5.054301
-123.196937  48.047112   4.302022
-123.196937  48.092028 -18.266778
-123.196937  48.136944   6.776685
-123.196937  48.181861  -6.552362
-123.129868  47.732699 -22.736129
-123.129868  47.777616  -2.482478
-123.129868  47.822532  -4.046973
-123.129868  47.867448   3.528612
-123.129868  47.912364   2.020053
-123.129868  47.957280   5.157886
-123.129868  48.002196   2.412270
-123.129868  48.047112   2.085877
-123.129868  48.092028   4.839796
-123.129868  48.136944  -0.491262
-123.129868  48.181861 -14.160365
-123.062798  47.732699   1.551187
-123.062798  47.777616  -3.426885
-123.062798  47.822532   2.016877
-123.062798  47.867448   7.690124
-123.062798  47.912364  -4.074459
-123.062798  47.957280  -0.523601
-123.062798  48.002196   0.627977
-123.062798  48.047112   4.187201
-123.062798  48.092028   2.454150
-123.062798  48.136944   3.705473
-123.062798  48.181861  -4.295060
-122.995729  47.732699   9.743810
-122.995729  47.777616  -6.977442
-122.995729  47.822532  -2.741538
-122.995729  47.867448  -3.813441
-122.995729  47.912364  -2.960914
-122.995729  47.957280  -0.744883
-122.995729  48.002196  -0.859882
-122.995729  48.047112   1.335964
-122.995729  48.092028  -0.449730
-122.995729  48.136944   1.108872
-122.995729  48.181861  -7.498330
-122.928660  47.732699 -12.911700
-122.928660  47.777616  -7.288859
-122.928660  47.822532  -4.903161
-122.928660  47.867448  -2.496601
-122.928660  47.912364  -1.703883
-122.928660  47.957280  -1.579429
-122.928660  48.002196   1.209673
-122.928660  48.047112  -0.777638
-122.928660  48.092028  -1.280338
-122.928660  48.136944  -2.028860
-122.928660  48.181861 -13.515368
-122.861591  47.732699   3.189408
-122.861591  47.777616  -9.308442
-122.861591  47.822532   8.944221
-122.861591  47.867448  -2.687370
-122.861591  47.912364  -3.167856
-122.861591  47.957280   8.551939
-122.861591  48.002196  -1.060962
-122.861591  48.047112  -0.946036
-122.861591  48.092028  -2.285577
-122.861591  48.136944  -0.270753
-122.861591  48.181861   0.494281
-122.794522  47.732699   2.630073
-122.794522  47.777616   3.584494
-122.794522  47.822532  -4.043370
-122.794522  47.867448  -6.111183
-122.794522  47.912364   4.497855
-122.794522  47.957280   7.088350
-122.794522  48.002196   9.577646
-122.794522  48.047112  -2.989222
-122.794522  48.092028   1.006123
-122.794522  48.136944  -4.615979
-122.794522  48.181861  10.230650
-122.727452  47.732699  -2.409156
-122.727452  47.777616 -15.382705
-122.727452  47.822532 -13.620496
-122.727452  47.867448 -11.794076
-122.727452  48.136944  -7.041386
-122.660383  47.777616  -9.765479
-122.660383  47.822532  -1.736701
-122.593314  47.732699  11.423721