-123.264006  47.732699  -0.232327
-123.264006  47.777616  -3.984572
-123.264006  47.822532   2.299482
-123.264006  47.867448   8.665640
-123.264006  47.912364   1.007386
-123.264006  47.957280   4.025733
-123.264006  48.002196   8.703281
-123.264006  48.047112   3.584187
-123.264006  48.092028   9.621354
-123.264006  48.136944   5.706322
-123.264006  48.181861   6.304676
-123.196937  47.732699   3.325049
-123.196937  47.777616  -2.239567
-123.196937  47.822532   2.079038
-123.196937  47.867448   1.600128
-123.196937  47.912364   3.746068
-123.196937  47.957280   3.800140
-123.196937  48.002196   1.822454
-123.196937  48.047112   3.834577
-123.196937  48.092028 -18.266778
-123.196937  48.136944   6.776685
-123.196937  48.181861  -6.552362
-123.129868  47.732699   2.739920
-123.129868  47.777616   4.408869
-123.129868  47.822532  -7.517473
-123.129868  47.867448   3.528612
-123.129868  47.912364   0.688618
-123.129868  47.957280   3.848898
-123.129868  48.002196   2.412270
-123.129868  48.047112   2.085877
-123.129868  48.092028   3.463335
-123.129868  48.136944   3.373912
-123.129868  48.181861 -12.318586
-123.062798  47.732699  -4.568756
-123.062798  47.777616  -6.897280
-123.062798  47.822532   2.915552
-123.062798  47.867448   7.690124
-123.062798  47.912364  -4.074459
-123.062798  47.957280  -3.506299
-123.062798  48.002196   0.627977
-123.062798  48.047112   4.187201
-123.062798  48.092028   2.454150
-123.062798  48.136944  -3.831021
-123.062798  48.181861  -1.765452
-122.995729  47.732699   9.280251
-122.995729  47.777616  -6.977442
-122.995729  47.822532  -2.741538
-122.995729  47.867448  -3.813441
-122.995729  47.912364  -2.960914
-122.995729  47.957280  -0.744883
-122.995729  48.002196  -0.859882
-122.995729  48.047112   1.335964
-122.995729  48.092028  -0.449730
-122.995729  48.136944   1.108872
-122.995729  48.181861  -7.498330
-122.928660  47.732699 -12.911700
-122.928660  47.777616  -7.288859
-122.928660  47.822532  -5.349115
-122.928660  47.867448  -1.222920
-122.928660  47.912364  -1.703883
-122.928660  47.957280  -1.579429
-122.928660  48.002196   1.209673
-122.928660  48.047112  -0.777638
-122.928660  48.092028   0.468051
-122.928660  48.136944  -2.028860
-122.928660  48.181861  -4.314262
-122.861591  47.732699  -9.133999
-122.861591  47.777616 -10.285226
-122.861591  47.822532   8.944221
-122.861591  47.867448  -2.687370
-122.861591  47.912364  -3.167856
-122.861591  47.957280   8.551939
-122.861591  48.002196   0.190367
-122.861591  48.047112  -2.224308
-122.861591  48.092028  -1.405084
-122.861591  48.136944   1.091319
-122.861591  48.181861   0.494281
-122.794522  47.732699   2.630073
-122.794522  47.777616   3.584494
-122.794522  47.822532  -4.043370
-122.794522  47.867448  -7.434162
-122.794522  47.912364  -4.852100
-122.794522  47.957280   6.668982
-122.794522  48.002196   9.577646
-122.794522  48.047112  -3.424397
-122.794522  48.092028   7.586618
-122.794522  48.136944  -7.464288
-122.794522  48.181861   2.808985
-122.727452  47.732699  -2.409156
-122.727452  47.777616  -9.117764
-122.727452  47.822532 -12.626907
-122.727452  47.867448 -10.392501
-122.727452  48.136944  -7.041386
-122.660383  47.777616  -9.765479
-122.660383  47.822532 -16.228368
-122.593314  47.732699   0.530032