-123.264006  47.732699  -5.140227
-123.264006  47.777616  -4.580912
-123.264006  47.822532   0.719260
-123.264006  47.867448   4.751187
-123.264006  47.912364  -0.510367
-123.264006  47.957280   2.066442
-123.264006  48.002196   8.703281
-123.264006  48.047112   3.584187
-123.264006  48.092028   9.621354
-123.264006  48.136944 -17.728858
-123.264006  48.181861  -9.341408
-123.196937  47.732699   3.854887
-123.196937  47.777616  -2.239567
-123.196937  47.822532   0.096507
-123.196937  47.867448   3.026287
-123.196937  47.912364   3.746068
-123.196937  47.957280   3.800140
-123.196937  48.002196   1.822454
-123.196937  48.047112   2.896021
-123.196937  48.092028 -18.266778
-123.196937  48.136944  12.986764
-123.196937  48.181861  -6.552362
-123.129868  47.732699   1.715631
-123.129868  47.777616   4.408869
-123.129868  47.822532  -0.204051
-123.129868  47.867448   3.528612
-123.129868  47.912364   0.688618
-123.129868  47.957280  -2.330115
-123.129868  48.002196   2.412270
-123.129868  48.047112   2.085877
-123.129868  48.092028   2.077801
-123.129868  48.136944  -8.621833
-123.129868  48.181861   2.795236
-123.062798  47.732699  -5.096499
-123.062798  47.777616  -6.897280
-123.062798  47.822532   3.363724
-123.062798  47.867448   6.398319
-123.062798  47.912364  -4.074459
-123.062798  47.957280  -3.506299
-123.062798  48.002196   0.627977
-123.062798  48.047112  -1.910525
-123.062798  48.092028   2.454150
-123.062798  48.136944   2.316447
-123.062798  48.181861   8.378792
-122.995729  47.732699   9.280251
-122.995729  47.777616  -6.977442
-122.995729  47.822532  -6.804509
-122.995729  47.867448  -5.107459
-122.995729  47.912364  -2.960914
-122.995729  47.957280  -0.744883
-122.995729  48.002196  -2.532633
-122.995729  48.047112   1.335964
-122.995729  48.092028   1.311294
-122.995729  48.136944 -15.819664
-122.995729  48.181861  -7.498330
-122.928660  47.732699 -12.361398
-122.928660  47.777616  -7.288859
-122.928660  47.822532  -5.349115
-122.928660  47.867448  -2.496601
-122.928660  47.912364  -1.703883
-122.928660  47.957280  -1.579429
-122.928660  48.002196   1.209673
-122.928660  48.047112  -0.777638
-122.928660  48.092028   1.339247
-122.928660  48.136944  -2.028860
-122.928660  48.181861  -2.852842
-122.861591  47.732699   5.070312
-122.861591  47.777616   7.323031
-122.861591  47.822532   8.944221
-122.861591  47.867448  -2.687370
-122.861591  47.912364  -3.167856
-122.861591  47.957280   8.551939
-122.861591  48.002196   8.926762
-122.861591  48.047112  -2.224308
-122.861591  48.092028  -8.527834
-122.861591  48.136944 -19.715429
-122.861591  48.181861  -5.785545
-122.794522  47.732699   2.630073
-122.794522  47.777616   4.948978
-122.794522  47.822532  -4.043370
-122.794522  47.867448 -15.081765
-122.794522  47.912364   6.607585
-122.794522  47.957280   7.088350
-122.794522  48.002196   9.577646
-122.794522  48.047112  -4.296256
-122.794522  48.092028  -5.255370
-122.794522  48.136944  -4.615979
-122.794522  48.181861  10.230650
-122.727452  47.732699   0.566071
-122.727452  47.777616  -9.117764
-122.727452  47.822532 -14.624473
-122.727452  47.867448 -11.794076
-122.727452  48.136944  -7.041386
-122.660383  47.777616  -9.765479
-122.660383  47.822532  -3.639900
-122.593314  47.732699   0.530032