-123.264006  47.732699  34.460673   70
-123.264006  47.777616  35.394121  107
-123.264006  47.822532  35.684260  102
-123.264006  47.867448  40.397572  130
-123.264006  47.912364  37.889556  134
-123.264006  47.957280  39.684733  117
-123.264006  48.002196  42.759009  167
-123.264006  48.047112  39.902187  269
-123.264006  48.092028  36.740686  188
-123.264006  48.136944  42.330601  279
-123.264006  48.181861  28.252592  279
-123.196937  47.732699  39.720887   89
-123.196937  47.777616  33.734433  166
-123.196937  47.822532  36.235507  227
-123.196937  47.867448  39.347287  251
-123.196937  47.912364  40.289068  181
-123.196937  47.957280  40.598140  156
-123.196937  48.002196  42.129301  227
-123.196937  48.047112  40.291021  210
-123.196937  48.092028  22.653803  175
-123.196937  48.136944  22.602074  296
-123.196937  48.181861  31.987638  346
-123.129868  47.732699  40.352607  162
-123.129868  47.777616  41.616869  216
-123.129868  47.822532  45.944949  231
-123.129868  47.867448  41.062612  244
-123.129868  47.912364  38.428618  132
-123.129868  47.957280  35.646885  114
-123.129868  48.002196  40.644270  231
-123.129868  48.047112  40.612877  300
-123.129868  48.092028  53.108688  447
-123.129868  48.136944  30.578167  635
-123.129868  48.181861  35.684260  510
-123.062798  47.732699  39.902187  130
-123.062798  47.777616  35.025115  202
-123.062798  47.822532  41.959724  164
-123.062798  47.867448  46.443124  153
-123.062798  47.912364  34.868541   98
-123.062798  47.957280  35.225206  127
-123.062798  48.002196  40.021977  229
-123.062798  48.047112  42.557468  373
-123.062798  48.092028  42.407150  456
-123.062798  48.136944  36.480979  617
-123.062798  48.181861   8.995054  597
-122.995729  47.732699  51.191139   68
-122.995729  47.777616  33.206823  101
-122.995729  47.822532  33.027491   87
-122.995729  47.867448  36.162559   78
-122.995729  47.912364  35.927916   74
-122.995729  47.957280  39.594117  121
-122.995729  48.002196  38.022367  382
-122.995729  48.136944  41.211241  399
-122.928660  47.732699  27.870300   36
-122.928660  47.777616  33.581141   64
-122.928660  47.822532  35.646885   77
-122.928660  47.867448  39.909080   71
-122.928660  47.912364  39.594117   85
-122.928660  47.957280  39.908571   70
-122.928660  48.002196  42.909673  240
-122.928660  48.047112  41.180362  545
-122.928660  48.092028  43.570247  306
-122.928660  48.181861  49.137302  146
-122.861591  47.732699  28.531496   17
-122.861591  47.777616  31.744774   54
-122.861591  47.822532  51.095221   98
-122.861591  47.867448  39.594630   84
-122.861591  47.912364  39.277144   53
-122.861591  47.957280  51.184939   51
-122.861591  48.002196  51.355483   63
-122.861591  48.047112  21.546251   94
-122.861591  48.092028  41.085423   69
-122.861591  48.136944  44.861319   79
-122.794522  47.732699  45.737073   35
-122.794522  47.777616  48.587258   48
-122.794522  47.822532  39.258630   71
-122.794522  47.867448  37.318817   41
-122.794522  47.912364  38.738900   37
-122.794522  47.957280  50.446982   12
-122.794522  48.002196  53.565646   12
-122.794522  48.047112  39.947744   18
-122.794522  48.092028  39.258630   22
-122.794522  48.136944  31.554720   27
-122.794522  48.181861  22.955317   25
-122.727452  47.732699  44.841071   14
-122.727452  47.777616  40.653952   23
-122.727452  47.822532  31.844093   29
-122.727452  47.867448  32.813924   16
-122.727452  48.136944  39.197614   11
-122.660383  47.777616  25.154138   17
-122.660383  47.822532  33.192750   11
-122.593314  47.732699  13.517790   11