-123.264006  47.732699  35.047580   70
-123.264006  47.777616  35.394121  107
-123.264006  47.822532  37.264482  102
-123.264006  47.867448  40.397572  130
-123.264006  47.912364  34.874633  134
-123.264006  47.957280  38.218038  117
-123.264006  48.002196  39.368490  167
-123.264006  48.047112  39.902187  269
-123.264006  48.092028  46.306354  188
-123.264006  48.136944  44.882897  279
-123.264006  48.181861  30.190279  279
-123.196937  47.732699  39.191049   89
-123.196937  47.777616  35.855521  166
-123.196937  47.822532  38.218038  227
-123.196937  47.867448  36.962684  251
-123.196937  47.912364  40.289068  181
-123.196937  47.957280  40.598140  156
-123.196937  48.002196  42.129301  227
-123.196937  48.047112  38.873360  210
-123.196937  48.092028  22.653803  175
-123.196937  48.136944  44.909685  296
-123.196937  48.181861  31.987638  346
-123.129868  47.732699  39.843920  162
-123.129868  47.777616  35.231236  216
-123.129868  47.822532  45.944949  231
-123.129868  47.867448  42.407150  244
-123.129868  47.912364  38.428618  132
-123.129868  47.957280  46.173193  114
-123.129868  48.002196  40.644270  231
-123.129868  48.047112  40.612877  300
-123.129868  48.092028  40.906801  447
-123.129868  48.136944  30.578167  635
-123.129868  48.181861  35.684260  510
-123.062798  47.732699  39.902187  130
-123.062798  47.777616  35.512268  202
-123.062798  47.822532  41.511552  164
-123.062798  47.867448  46.443124  153
-123.062798  47.912364  34.868541   98
-123.062798  47.957280  35.225206  127
-123.062798  48.002196  40.021977  229
-123.062798  48.047112  37.758475  373
-123.062798  48.092028  42.407150  456
-123.062798  48.136944  36.480979  617
-123.062798  48.181861  36.375940  597
-122.995729  47.732699  48.882251   68
-122.995729  47.777616  32.721558  101
-122.995729  47.822532  35.744833   87
-122.995729  47.867448  36.162559   78
-122.995729  47.912364  35.927916   74
-122.995729  47.957280  39.594117  121
-122.995729  48.002196  39.695118  382
-122.995729  48.047112  42.153964  854
-122.995729  48.092028  42.405294  626
-122.995729  48.136944  41.211241  399
-122.995729  48.181861  34.363670  332
-122.928660  47.732699  27.870300   36
-122.928660  47.777616  33.581141   64
-122.928660  47.822532  35.646885   77
-122.928660  47.867448  39.909080   71
-122.928660  47.912364  39.594117   85
-122.928660  47.957280  39.908571   70
-122.928660  48.002196  42.909673  240
-122.928660  48.047112  42.449461  545
-122.928660  48.092028  41.388549  306
-122.928660  48.136944  41.513448  189
-122.928660  48.181861  29.507632  146
-122.861591  47.732699  26.283363   17
-122.861591  47.777616  30.262438   54
-122.861591  47.822532  51.095221   98
-122.861591  47.867448  39.594630   84
-122.861591  47.912364  39.277144   53
-122.861591  47.957280  51.184939   51
-122.861591  48.002196  51.770762   63
-122.861591  48.047112  40.875692   94
-122.861591  48.092028  41.085423   69
-122.861591  48.136944  36.079893   79
-122.861591  48.181861  25.707076   51
-122.794522  47.732699  45.737073   35
-122.794522  47.777616  48.587258   48
-122.794522  47.822532  39.258630   71
-122.794522  47.867448  37.318817   41
-122.794522  47.912364  38.738900   37
-122.794522  47.957280  50.446982   12
-122.794522  48.002196  52.304126   12
-122.794522  48.047112  39.947744   18
-122.794522  48.092028  39.258630   22
-122.794522  48.136944  36.480979   27
-122.794522  48.181861  46.689421   25
-122.727452  47.732699  43.361409   14
-122.727452  47.777616  35.231236   23
-122.727452  47.822532  31.844093   29
-122.727452  47.867448  32.813924   16
-122.727452  48.136944  39.197614   11
-122.660383  47.777616  40.967461   17
-122.660383  47.822532  29.507632   11
-122.593314  47.732699  47.026303   11