-123.264006  47.732699   0.000000
-123.264006  47.777616  34.837360
-123.264006  47.822532  35.684260
-123.264006  47.867448  40.397572
-123.264006  47.912364  37.392633
-123.264006  47.957280  39.197614
-123.264006  48.002196  39.368490
-123.264006  48.047112  39.902187
-123.264006  48.092028  46.306354
-123.264006  48.136944   0.000000
-123.264006  48.181861   0.000000
-123.196937  47.732699  34.837360
-123.196937  47.777616  35.330001
-123.196937  47.822532  38.218038
-123.196937  47.867448  39.347287
-123.196937  47.912364  40.289068
-123.196937  47.957280  40.598140
-123.196937  48.002196  42.129301
-123.196937  48.047112  40.291021
-123.196937  48.092028  22.036407
-123.196937  48.136944   0.000000
-123.196937  48.181861   0.000000
-123.129868  47.732699   0.000000
-123.129868  47.777616  41.616869
-123.129868  47.822532  40.906801
-123.129868  47.867448  31.871855
-123.129868  47.912364  36.642790
-123.129868  47.957280  35.646885
-123.129868  48.002196  40.644270
-123.129868  48.047112   0.000000
-123.129868  48.092028   0.000000
-123.129868  48.136944   0.000000
-123.129868  48.181861  31.318714
-123.062798  47.732699  39.902187
-123.062798  47.777616  31.554720
-123.062798  47.822532  37.896189
-123.062798  47.867448  46.443124
-123.062798  47.912364  36.162559
-123.062798  47.957280  38.635399
-123.062798  48.002196  40.021977
-123.062798  48.047112  42.557468
-123.062798  48.092028  42.407150
-123.062798  48.136944  44.017473
-123.062798  48.181861  36.375940
-122.995729  47.732699  48.882251
-122.995729  47.777616  32.721558
-122.995729  47.822532  37.090462
-122.995729  47.867448  36.162559
-122.995729  47.912364  35.927916
-122.995729  47.957280  39.594117
-122.995729  48.002196  39.695118
-122.995729  48.047112  42.153964
-122.995729  48.092028  42.405294
-122.995729  48.136944   0.000000
-122.995729  48.181861   0.000000
-122.928660  47.732699  27.870300
-122.928660  47.777616  33.581141
-122.928660  47.822532  36.092839
-122.928660  47.867448  39.909080
-122.928660  47.912364  39.594117
-122.928660  47.957280  38.674286
-122.928660  48.002196  42.909673
-122.928660  48.047112  42.449461
-122.928660  48.092028  41.388549
-122.928660  48.136944  39.217495
-122.928660  48.181861  35.231236
-122.861591  47.732699   0.000000
-122.861591  47.777616  33.206823
-122.861591  47.822532  51.095221
-122.861591  47.867448  25.196599
-122.861591  47.912364  39.277144
-122.861591  47.957280  51.184939
-122.861591  48.002196  43.034367
-122.861591  48.047112  21.546251
-122.861591  48.092028  41.085423
-122.861591  48.136944  37.494824
-122.861591  48.181861  18.804850
-122.794522  47.732699  45.737073
-122.794522  47.777616  46.769494
-122.794522  47.822532  39.258630
-122.794522  47.867448  37.318817
-122.794522  47.912364  38.738900
-122.794522  47.957280  50.446982
-122.794522  48.002196  23.839969
-122.794522  48.047112  39.947744
-122.794522  48.092028   0.000000
-122.794522  48.136944  31.554720
-122.794522  48.181861   0.000000
-122.727452  47.732699  41.865844
-122.727452  47.777616  26.754722
-122.727452  47.822532  30.349878
-122.727452  47.867448  35.604692
-122.727452  47.912364  44.594188
-122.727452  47.957280  49.192458
-122.727452  48.002196  51.955952
-122.727452  48.047112  10.736866
-122.727452  48.092028   0.000000
-122.727452  48.136944  39.197614
-122.727452  48.181861  26.032539
-122.660383  47.732699   0.000000
-122.660383  47.777616  37.414944
-122.660383  47.822532  30.044851
-122.660383  47.867448  31.554720
-122.660383  47.912364  30.758984
-122.660383  48.002196  18.299415
-122.660383  48.047112  25.809396
-122.660383  48.092028   0.000000
-122.660383  48.136944  15.161128
-122.660383  48.181861   0.000000
-122.593314  47.732699   0.000000
-122.593314  47.777616  20.953430
-122.593314  47.822532  27.252414
-122.593314  48.092028  28.443791
-122.593314  48.181861  32.667790