-123.264006  47.732699  18.511998
-123.264006  47.777616  35.394121
-123.264006  47.822532  37.264482
-123.264006  47.867448  45.258994
-123.264006  47.912364  34.874633
-123.264006  47.957280  39.684733
-123.264006  48.002196  44.189918
-123.264006  48.047112  39.902187
-123.264006  48.092028  46.306354
-123.264006  48.136944  42.845322
-123.264006  48.181861  43.898676
-123.196937  47.732699  34.837360
-123.196937  47.777616  34.269604
-123.196937  47.822532  38.218038
-123.196937  47.867448  37.442712
-123.196937  47.912364  40.289068
-123.196937  47.957280  39.217495
-123.196937  48.002196  42.129301
-123.196937  48.047112  41.697022
-123.196937  48.092028  19.458222
-123.196937  48.136944  44.909685
-123.196937  48.181861  31.987638
-123.129868  47.732699  14.367871
-123.129868  47.777616  34.725522
-123.129868  47.822532  33.317027
-123.129868  47.867448  41.062612
-123.129868  47.912364  39.760053
-123.129868  47.957280  43.134886
-123.129868  48.002196  40.644270
-123.129868  48.047112  40.612877
-123.129868  48.092028  43.668796
-123.129868  48.136944  38.708738
-123.129868  48.181861  25.410635
-123.062798  47.732699  39.902187
-123.062798  47.777616  35.025115
-123.062798  47.822532  40.612877
-123.062798  47.867448  46.443124
-123.062798  47.912364  34.868541
-123.062798  47.957280  38.635399
-123.062798  48.002196  40.021977
-123.062798  48.047112  43.856201
-123.062798  48.092028  42.407150
-123.062798  48.136944  44.017473
-123.062798  48.181861  36.375940
-122.995729  47.732699  49.345810
-122.995729  47.777616  32.721558
-122.995729  47.822532  37.090462
-122.995729  47.867448  36.162559
-122.995729  47.912364  37.185086
-122.995729  47.957280  39.594117
-122.995729  48.002196  39.695118
-122.995729  48.047112  42.153964
-122.995729  48.092028  40.644270
-122.995729  48.136944  42.586872
-122.995729  48.181861  34.363670
-122.928660  47.732699  27.870300
-122.928660  47.777616  33.581141
-122.928660  47.822532  36.092839
-122.928660  47.867448  38.635399
-122.928660  47.912364  39.594117
-122.928660  47.957280  39.908571
-122.928660  48.002196  42.909673
-122.928660  48.047112  41.180362
-122.928660  48.092028  40.950662
-122.928660  48.136944  40.598140
-122.928660  48.181861  29.507632
-122.861591  47.732699  45.137408
-122.861591  47.777616  32.721558
-122.861591  47.822532  51.095221
-122.861591  47.867448  39.594630
-122.861591  47.912364  39.277144
-122.861591  47.957280  51.184939
-122.861591  48.002196  41.783038
-122.861591  48.047112  42.153964
-122.861591  48.092028  41.085423
-122.861591  48.136944  43.499247
-122.861591  48.181861  44.664281
-122.794522  47.732699  45.737073
-122.794522  47.777616  46.769494
-122.794522  47.822532  39.258630
-122.794522  47.867448  37.318817
-122.794522  47.912364  48.088855
-122.794522  47.957280  50.866350
-122.794522  48.002196  53.565646
-122.794522  48.047112  41.254778
-122.794522  48.092028  45.520123
-122.794522  48.136944  40.291021
-122.794522  48.181861  55.530650
-122.727452  47.732699  41.865844
-122.727452  47.777616  28.966295
-122.727452  47.822532  30.850504
-122.727452  47.867448  32.813924
-122.727452  48.136944  39.197614
-122.660383  47.777616  35.855521
-122.660383  47.822532  43.999299
-122.593314  47.732699  58.433721