-123.264006  47.732699  29.552773
-123.264006  47.777616  30.216088
-123.264006  47.822532  35.684260
-123.264006  47.867448  39.902187
-123.264006  47.912364  34.874633
-123.264006  47.957280  37.725442
-123.264006  48.002196  44.664281
-123.264006  48.047112  39.902187
-123.264006  48.092028  46.306354
-123.264006  48.136944   0.000000
-123.264006  48.181861   0.000000
-123.196937  47.732699  39.191049
-123.196937  47.777616  33.734433
-123.196937  47.822532  36.235507
-123.196937  47.867448  39.347287
-123.196937  47.912364  40.289068
-123.196937  47.957280  40.598140
-123.196937  48.002196  38.897454
-123.196937  48.047112  41.697022
-123.196937  48.092028   0.000000
-123.196937  48.136944   0.000000
-123.196937  48.181861  23.130592
-123.129868  47.732699  40.352607
-123.129868  47.777616  41.616869
-123.129868  47.822532  45.944949
-123.129868  47.867448  41.062612
-123.129868  47.912364  42.405294
-123.129868  47.957280  35.646885
-123.129868  48.002196  40.644270
-123.129868  48.047112   0.000000
-123.129868  48.092028  40.906801
-123.129868  48.136944   0.000000
-123.129868  48.181861  42.366236
-123.062798  47.732699  33.254501
-123.062798  47.777616  31.554720
-123.062798  47.822532  41.959724
-123.062798  47.867448  45.151319
-123.062798  47.912364  34.868541
-123.062798  47.957280  35.652701
-123.062798  48.002196  40.021977
-123.062798  48.047112  37.758475
-123.062798  48.092028  42.407150
-123.062798  48.136944  42.628447
-123.062798  48.181861   0.000000
-122.995729  47.732699  48.882251
-122.995729  47.777616  32.721558
-122.995729  47.822532  33.027491
-122.995729  47.867448  34.868541
-122.995729  47.912364  37.185086
-122.995729  47.957280  39.594117
-122.995729  48.002196  39.695118
-122.995729  48.047112  42.153964
-122.995729  48.092028  42.405294
-122.995729  48.136944   0.000000
-122.995729  48.181861   0.000000
-122.928660  47.732699  26.188810
-122.928660  47.777616  33.581141
-122.928660  47.822532  34.752419
-122.928660  47.867448  38.635399
-122.928660  47.912364  36.689441
-122.928660  47.957280  39.908571
-122.928660  48.002196  42.909673
-122.928660  48.047112  41.180362
-122.928660  48.092028  43.570247
-122.928660  48.136944  40.598140
-122.928660  48.181861  49.137302
-122.861591  47.732699  47.018312
-122.861591  47.777616  49.353031
-122.861591  47.822532  51.095221
-122.861591  47.867448  38.310496
-122.861591  47.912364  39.277144
-122.861591  47.957280  51.184939
-122.861591  48.002196  43.034367
-122.861591  48.047112  40.021977
-122.861591  48.092028  34.843166
-122.861591  48.136944  36.079893
-122.861591  48.181861  38.384455
-122.794522  47.732699  45.737073
-122.794522  47.777616  48.587258
-122.794522  47.822532  39.258630
-122.794522  47.867448  29.721208
-122.794522  47.912364  50.198585
-122.794522  47.957280  50.866350
-122.794522  48.002196  53.565646
-122.794522  48.047112  39.947744
-122.794522  48.092028  39.258630
-122.794522  48.136944  25.809396
-122.794522  48.181861   0.000000
-122.727452  47.732699  44.841071
-122.727452  47.777616   0.000000
-122.727452  47.822532  30.349878
-122.727452  47.867448  55.139150
-122.727452  47.912364  44.594188
-122.727452  47.957280  49.192458
-122.727452  48.002196  51.955952
-122.727452  48.047112  30.922983
-122.727452  48.092028  29.340309
-122.727452  48.136944  39.197614
-122.727452  48.181861  26.032539
-122.660383  47.732699   0.000000
-122.660383  47.777616  25.154138
-122.660383  47.822532  42.096100
-122.660383  47.867448  31.554720
-122.660383  47.912364   0.000000
-122.660383  48.002196  35.129037
-122.660383  48.047112  25.809396
-122.660383  48.092028  36.235507
-122.660383  48.136944  40.466504
-122.660383  48.181861   0.000000
-122.593314  47.732699  47.540032
-122.593314  47.777616  20.953430
-122.593314  47.822532  11.301485
-122.593314  48.092028  21.467504
-122.593314  48.181861   7.800881