-123.264006  47.732699  18.511998
-123.264006  47.777616  35.394121
-123.264006  47.822532  39.332958
-123.264006  47.867448  43.816640
-123.264006  47.912364  36.392386
-123.264006  47.957280  39.684733
-123.264006  48.002196  39.368490
-123.264006  48.047112  39.902187
-123.264006  48.092028  46.306354
-123.264006  48.136944  43.357837
-123.264006  48.181861  34.460673
-123.196937  47.732699  38.658328
-123.196937  47.777616  37.929430
-123.196937  47.822532  36.734258
-123.196937  47.867448  28.996813
-123.196937  47.912364  42.129301
-123.196937  47.957280  42.424969
-123.196937  48.002196  42.129301
-123.196937  48.047112  38.873360
-123.196937  48.092028  48.675234
-123.196937  48.136944  44.909685
-123.196937  48.181861  31.987638
-123.129868  47.732699  16.976301
-123.129868  47.777616  37.230875
-123.129868  47.822532  45.944949
-123.129868  47.867448  29.966662
-123.129868  47.912364  38.428618
-123.129868  47.957280  46.173193
-123.129868  48.002196  40.644270
-123.129868  48.047112  40.612877
-123.129868  48.092028  42.292335
-123.129868  48.136944  39.197614
-123.129868  48.181861  31.318714
-123.062798  47.732699  39.902187
-123.062798  47.777616  35.512268
-123.062798  47.822532  52.100618
-123.062798  47.867448  46.443124
-123.062798  47.912364  36.162559
-123.062798  47.957280  36.506584
-123.062798  48.002196  40.021977
-123.062798  48.047112  42.557468
-123.062798  48.092028  42.407150
-123.062798  48.136944  39.347287
-123.062798  48.181861  36.375940
-122.995729  47.732699  48.882251
-122.995729  47.777616  32.721558
-122.995729  47.822532  37.090462
-122.995729  47.867448  36.162559
-122.995729  47.912364  35.927916
-122.995729  47.957280  39.594117
-122.995729  48.002196  39.277144
-122.995729  48.047112  42.153964
-122.995729  48.092028  42.405294
-122.995729  48.136944  38.897454
-122.995729  48.181861  34.363670
-122.928660  47.732699  27.870300
-122.928660  47.777616  35.010033
-122.928660  47.822532  34.752419
-122.928660  47.867448  33.940339
-122.928660  47.912364  39.594117
-122.928660  47.957280  39.908571
-122.928660  48.002196  42.909673
-122.928660  48.047112  42.449461
-122.928660  48.092028  41.388549
-122.928660  48.136944  39.217495
-122.928660  48.181861  29.507632
-122.861591  47.732699  35.383000
-122.861591  47.777616  31.744774
-122.861591  47.822532  51.095221
-122.861591  47.867448  39.594630
-122.861591  47.912364  39.277144
-122.861591  47.957280  51.184939
-122.861591  48.002196  53.431283
-122.861591  48.047112  40.875692
-122.861591  48.092028  41.085423
-122.861591  48.136944  50.688050
-122.861591  48.181861  25.707076
-122.794522  47.732699  44.298822
-122.794522  47.777616  45.397559
-122.794522  47.822532  39.258630
-122.794522  47.867448  37.318817
-122.794522  47.912364  37.452544
-122.794522  47.957280  50.446982
-122.794522  48.002196  53.565646
-122.794522  48.047112  39.947744
-122.794522  48.092028  39.258630
-122.794522  48.136944  36.480979
-122.794522  48.181861  41.382822
-122.727452  47.732699  43.361409
-122.727452  47.777616  26.754722
-122.727452  47.822532  31.844093
-122.727452  47.867448  32.813924
-122.727452  48.136944  39.197614
-122.660383  47.777616  35.855521
-122.660383  47.822532  37.725442
-122.593314  47.732699  59.393387