-123.264006  47.732699  30.190279
-123.264006  47.777616  35.394121
-123.264006  47.822532  37.264482
-123.264006  47.867448  43.333000
-123.264006  47.912364  37.392633
-123.264006  47.957280  39.197614
-123.264006  48.002196  40.831171
-123.264006  48.047112  39.902187
-123.264006  48.092028  46.791820
-123.264006  48.136944  44.882897
-123.264006  48.181861  43.369138
-123.196937  47.732699  24.509231
-123.196937  47.777616  35.855521
-123.196937  47.822532  36.734258
-123.196937  47.867448  37.442712
-123.196937  47.912364  40.289068
-123.196937  47.957280  39.217495
-123.196937  48.002196  42.129301
-123.196937  48.047112  41.697022
-123.196937  48.092028  41.136170
-123.196937  48.136944  40.967461
-123.196937  48.181861  31.987638
-123.129868  47.732699  30.184784
-123.129868  47.777616  41.616869
-123.129868  47.822532  40.906801
-123.129868  47.867448  41.062612
-123.129868  47.912364  39.760053
-123.129868  47.957280  43.134886
-123.129868  48.002196  40.202487
-123.129868  48.047112  43.299862
-123.129868  48.092028  42.292335
-123.129868  48.136944  53.712705
-123.129868  48.181861  25.410635
-123.062798  47.732699  39.902187
-123.062798  47.777616  35.512268
-123.062798  47.822532  40.612877
-123.062798  47.867448  46.443124
-123.062798  47.912364  34.868541
-123.062798  47.957280  38.635399
-123.062798  48.002196  40.021977
-123.062798  48.047112  42.557468
-123.062798  48.092028  42.407150
-123.062798  48.136944  44.017473
-123.062798  48.181861  36.375940
-122.995729  47.732699  48.882251
-122.995729  47.777616  33.206823
-122.995729  47.822532  37.090462
-122.995729  47.867448  36.162559
-122.995729  47.912364  35.927916
-122.995729  47.957280  39.594117
-122.995729  48.002196  39.277144
-122.995729  48.047112  42.153964
-122.995729  48.092028  43.282403
-122.995729  48.136944  41.211241
-122.995729  48.181861  34.363670
-122.928660  47.732699  29.507632
-122.928660  47.777616  34.059129
-122.928660  47.822532  35.200089
-122.928660  47.867448  39.060241
-122.928660  47.912364  39.594117
-122.928660  47.957280  38.674286
-122.928660  48.002196  42.909673
-122.928660  48.047112  41.180362
-122.928660  48.092028  41.388549
-122.928660  48.136944  40.138985
-122.928660  48.181861  29.507632
-122.861591  47.732699  33.333484
-122.861591  47.777616  33.206823
-122.861591  47.822532  51.095221
-122.861591  47.867448  39.594630
-122.861591  47.912364  39.277144
-122.861591  47.957280  51.184939
-122.861591  48.002196  53.431283
-122.861591  48.047112  40.875692
-122.861591  48.092028  41.085423
-122.861591  48.136944  43.499247
-122.861591  48.181861  25.707076
-122.794522  47.732699  45.737073
-122.794522  47.777616  46.769494
-122.794522  47.822532  37.896189
-122.794522  47.867448  37.318817
-122.794522  47.912364  37.022971
-122.794522  47.957280  50.446982
-122.794522  48.002196  53.565646
-122.794522  48.047112  39.947744
-122.794522  48.092028  52.100618
-122.794522  48.136944  31.554720
-122.794522  48.181861  38.905548
-122.727452  47.732699  41.865844
-122.727452  47.777616  26.754722
-122.727452  47.822532  31.844093
-122.727452  47.867448  35.604692
-122.727452  48.136944  39.197614
-122.660383  47.777616  43.444051
-122.660383  47.822532  44.943275
-122.593314  47.732699  28.252592