-123.264006  47.732699  34.460673   70
-123.264006  47.777616  30.812428  107
-123.264006  47.822532  37.264482  102
-123.264006  47.867448  38.404141  130
-123.264006  47.912364  37.392633  134
-123.264006  47.957280  39.684733  117
-123.264006  48.002196  44.664281  167
-123.264006  48.047112  39.902187  269
-123.264006  48.092028  46.306354  188
-123.264006  48.181861  43.369138  279
-123.196937  47.732699  39.191049   89
-123.196937  47.777616  33.734433  166
-123.196937  47.822532  38.218038  227
-123.196937  47.867448  37.921128  251
-123.196937  47.912364  40.289068  181
-123.196937  47.957280  40.598140  156
-123.196937  48.002196  38.897454  227
-123.196937  48.047112  40.291021  210
-123.196937  48.092028  49.137302  175
-123.196937  48.136944  22.602074  296
-123.196937  48.181861  31.987638  346
-123.129868  47.732699  40.352607  162
-123.129868  47.777616  41.616869  216
-123.129868  47.822532  40.906801  231
-123.129868  47.867448  41.062612  244
-123.129868  47.912364  38.428618  132
-123.129868  47.957280  35.646885  114
-123.129868  48.002196  40.644270  231
-123.129868  48.047112  40.612877  300
-123.129868  48.092028  42.292335  447
-123.129868  48.136944  10.599775  635
-123.129868  48.181861  42.366236  510
-123.062798  47.732699  31.650571  130
-123.062798  47.777616  31.554720  202
-123.062798  47.822532  39.710914  164
-123.062798  47.867448  46.443124  153
-123.062798  47.912364  34.868541   98
-123.062798  47.957280  35.652701  127
-123.062798  48.002196  40.021977  229
-123.062798  48.047112  43.856201  373
-123.062798  48.092028  42.407150  456
-123.062798  48.136944  36.480979  617
-123.062798  48.181861  36.375940  597
-122.995729  47.732699  48.882251   68
-122.995729  47.777616  32.721558  101
-122.995729  47.822532  33.483057   87
-122.995729  47.867448  36.162559   78
-122.995729  47.912364  37.185086   74
-122.995729  47.957280  39.594117  121
-122.995729  48.002196  39.695118  382
-122.995729  48.136944  42.586872  399
-122.928660  47.732699  27.870300   36
-122.928660  47.777616  33.581141   64
-122.928660  47.822532  35.646885   77
-122.928660  47.867448  39.909080   71
-122.928660  47.912364  39.594117   85
-122.928660  47.957280  39.908571   70
-122.928660  48.002196  42.909673  240
-122.928660  48.047112  41.180362  545
-122.928660  48.092028  42.699051  306
-122.928660  48.181861  38.708738  146
-122.861591  47.732699  19.489992   17
-122.861591  47.777616  31.744774   54
-122.861591  47.822532  51.095221   98
-122.861591  47.867448  39.594630   84
-122.861591  47.912364  39.277144   53
-122.861591  47.957280  51.184939   51
-122.861591  48.002196  43.034367   63
-122.861591  48.047112  40.875692   94
-122.861591  48.092028  32.570750   69
-122.861591  48.136944  44.861319   79
-122.794522  47.732699  45.737073   35
-122.794522  47.777616  46.769494   48
-122.794522  47.822532  39.258630   71
-122.794522  47.867448  37.318817   41
-122.794522  47.912364  47.666357   37
-122.794522  47.957280  50.446982   12
-122.794522  48.002196  43.429691   12
-122.794522  48.047112  42.557468   18
-122.794522  48.092028  40.162320   22
-122.794522  48.136944  37.442712   27
-122.794522  48.181861  55.530650   25
-122.727452  47.732699  41.865844   14
-122.727452  47.777616  26.754722   23
-122.727452  47.822532  30.850504   29
-122.727452  47.867448  32.813924   16
-122.727452  48.136944  39.197614   11
-122.660383  47.777616  25.154138   17
-122.660383  47.822532  30.044851   11
-122.593314  47.732699  27.588731   11