-123.9 47.6 -23.752
-123.8 47.6 -25.457
-123.7 47.6 -27.163
-123.6 47.6 -28.863
-123.5 47.6 -30.539
-123.4 47.6 -32.203
-123.3 47.6 -33.87
-123.2 47.6 -35.612
-123.1 47.6 -37.463
-123 47.6 -39.327
-122.9 47.6 -41.126
-122.8 47.6 -42.884
-122.7 47.6 -44.636
-122.6 47.6 -46.866
-122.5 47.6 -49.199
-123.9 47.65 -23.991
-123.8 47.65 -25.638
-123.7 47.65 -27.306
-123.6 47.65 -28.976
-123.5 47.65 -30.631
-123.4 47.65 -32.279
-123.3 47.65 -33.928
-123.2 47.65 -35.665
-123.1 47.65 -37.516
-123 47.65 -39.383
-122.9 47.65 -41.167
-122.8 47.65 -42.912
-122.7 47.65 -44.661
-122.6 47.65 -46.851
-122.5 47.65 -49.112
-123.9 47.7 -24.255
-123.8 47.7 -25.841
-123.7 47.7 -27.469
-123.6 47.7 -29.106
-123.5 47.7 -30.737
-123.4 47.7 -32.369
-123.3 47.7 -34.001
-123.2 47.7 -35.734
-123.1 47.7 -37.584
-123 47.7 -39.452
-122.9 47.7 -41.221
-122.8 47.7 -42.955
-122.7 47.7 -44.701
-122.6 47.7 -46.847
-122.5 47.7 -49.041
-123.9 47.75 -24.59
-123.8 47.75 -26.112
-123.7 47.75 -27.69
-123.6 47.75 -29.284
-123.5 47.75 -30.885
-123.4 47.75 -32.5
-123.3 47.75 -34.117
-123.2 47.75 -35.854
-123.1 47.75 -37.698
-123 47.75 -39.56
-122.9 47.75 -41.315
-122.8 47.75 -43.042
-122.7 47.75 -44.781
-122.6 47.75 -46.876
-122.5 47.75 -49.013
-123.9 47.8 -24.942
-123.8 47.8 -26.405
-123.7 47.8 -27.931
-123.6 47.8 -29.484
-123.5 47.8 -31.058
-123.4 47.8 -32.655
-123.3 47.8 -34.256
-123.2 47.8 -35.994
-123.1 47.8 -37.829
-123 47.8 -39.681
-122.9 47.8 -41.424
-122.8 47.8 -43.144
-122.7 47.8 -44.88
-122.6 47.8 -46.929
-122.5 47.8 -49.014
-123.9 47.85 -25.346
-123.8 47.85 -26.764
-123.7 47.85 -28.234
-123.6 47.85 -29.751
-123.5 47.85 -31.302
-123.4 47.85 -32.88
-123.3 47.85 -34.466
-123.2 47.85 -36.197
-123.1 47.85 -38.012
-123 47.85 -39.842
-122.9 47.85 -41.572
-122.8 47.85 -43.287
-122.7 47.85 -45.037
-122.6 47.85 -47.05
-122.5 47.85 -49.099
-123.9 47.9 -25.776
-123.8 47.9 -27.146
-123.7 47.9 -28.562
-123.6 47.9 -30.047
-123.5 47.9 -31.575
-123.4 47.9 -33.135
-123.3 47.9 -34.703
-123.2 47.9 -36.42
-123.1 47.9 -38.213
-123 47.9 -40.016
-122.9 47.9 -41.736
-122.8 47.9 -43.446
-122.7 47.9 -45.212
-122.6 47.9 -47.198
-122.5 47.9 -49.215
-123.9 47.95 -26.283
-123.8 47.95 -27.598
-123.7 47.95 -28.964
-123.6 47.95 -30.43
-123.5 47.95 -31.93
-123.4 47.95 -33.475
-123.3 47.95 -35.019
-123.2 47.95 -36.705
-123.1 47.95 -38.467
-123 47.95 -40.232
-122.9 47.95 -41.947
-122.8 47.95 -43.655
-122.7 47.95 -45.445
-122.6 47.95 -47.425
-122.5 47.95 -49.424
-123.9 48 -26.812
-123.8 48 -28.076
-123.7 48 -29.4
-123.6 48 -30.85
-123.5 48 -32.318
-123.4 48 -33.84
-123.3 48 -35.36
-123.2 48 -37.008
-123.1 48 -38.736
-123 48 -40.468
-122.9 48 -42.176
-122.8 48 -43.882
-122.7 48 -45.703
-122.6 48 -47.679
-122.5 48 -49.685
-123.9 48.05 -27.405
-123.8 48.05 -28.629
-123.7 48.05 -29.933
-123.6 48.05 -31.384
-123.5 48.05 -32.803
-123.4 48.05 -34.277
-123.3 48.05 -35.775
-123.2 48.05 -37.367
-123.1 48.05 -39.052
-123 48.05 -40.762
-122.9 48.05 -42.462
-122.8 48.05 -44.167
-122.7 48.05 -46.035
-122.6 48.05 -48.015
-122.5 48.05 -50.1
-123.9 48.1 -28.025
-123.8 48.1 -29.212
-123.7 48.1 -30.504
-123.6 48.1 -31.941
-123.5 48.1 -33.318
-123.4 48.1 -34.746
-123.3 48.1 -36.219
-123.2 48.1 -37.75
-123.1 48.1 -39.387
-123 48.1 -41.089
-122.9 48.1 -42.788
-122.8 48.1 -44.49
-122.7 48.1 -46.413
-122.6 48.1 -48.386
-122.5 48.1 -50.578
-123.9 48.15 -28.727
-123.8 48.15 -29.885
-123.7 48.15 -31.186
-123.6 48.15 -32.571
-123.5 48.15 -33.925
-123.4 48.15 -35.311
-123.3 48.15 -36.748
-123.2 48.15 -38.206
-123.1 48.15 -39.782
-123 48.15 -41.515
-122.9 48.15 -43.234
-122.8 48.15 -44.929
-122.7 48.15 -46.924
-122.6 48.15 -48.859
-122.5 48.15 -51.243
-123.9 48.2 -29.465
-123.8 48.2 -30.605
-123.7 48.2 -31.897
-123.6 48.2 -33.231
-123.5 48.2 -34.563
-123.4 48.2 -35.909
-123.3 48.2 -37.305
-123.2 48.2 -38.697
-123.1 48.2 -40.243
-123 48.2 -41.985
-122.9 48.2 -43.71
-122.8 48.2 -45.434
-122.7 48.2 -47.472
-122.6 48.2 -49.414
-122.5 48.2 -51.962
-123.9 48.25 -30.312
-123.8 48.25 -31.463
-123.7 48.25 -32.696
-123.6 48.25 -33.976
-123.5 48.25 -35.291
-123.4 48.25 -36.604
-123.3 48.25 -37.947
-123.2 48.25 -39.291
-123.1 48.25 -40.899
-123 48.25 -42.583
-122.9 48.25 -44.277
-122.8 48.25 -46.137
-122.7 48.25 -48.131
-122.6 48.25 -50.213
-122.5 48.25 -52.841
-123.9 48.3 -31.198
-123.8 48.3 -32.346
-123.7 48.3 -33.523
-123.6 48.3 -34.757
-123.5 48.3 -36.052
-123.4 48.3 -37.33
-123.3 48.3 -38.619
-123.2 48.3 -39.966
-123.1 48.3 -41.614
-123 48.3 -43.238
-122.9 48.3 -44.941
-122.8 48.3 -46.902
-122.7 48.3 -48.871
-122.6 48.3 -51.103
-122.5 48.3 -53.776
-123.9 48.35 -32.202
-123.8 48.35 -33.3
-123.7 48.35 -34.431
-123.6 48.35 -35.648
-123.5 48.35 -36.909
-123.4 48.35 -38.148
-123.3 48.35 -39.382
-123.2 48.35 -40.882
-123.1 48.35 -42.501
-123 48.35 -44.059
-122.9 48.35 -45.89
-122.8 48.35 -47.851
-122.7 48.35 -49.853
-122.6 48.35 -52.263
-122.5 48.35 -54.882
-123.9 48.4 -33.218
-123.8 48.4 -34.282
-123.7 48.4 -35.381
-123.6 48.4 -36.573
-123.5 48.4 -37.785
-123.4 48.4 -39.008
-123.3 48.4 -40.242
-123.2 48.4 -41.837
-123.1 48.4 -43.427
-123 48.4 -44.973
-122.9 48.4 -46.89
-122.8 48.4 -48.858
-122.7 48.4 -50.915
-122.6 48.4 -53.453
-122.5 48.4 -56.013
