-123.264006  47.732699  0.207159
-123.264006  47.777616  0.414163
-123.264006  47.822532  0.187470
-123.264006  47.867448  0.138468
-123.264006  47.912364  0.101889
-123.264006  47.957280  0.173756
-123.264006  48.002196  0.647477
-123.264006  48.047112  0.133473
-123.264006  48.092028  0.091129
-123.264006  48.136944  0.045386
-123.264006  48.181861  0.045417
-123.196937  47.732699  0.099248
-123.196937  47.777616  0.230776
-123.196937  47.822532  0.258729
-123.196937  47.867448  0.208365
-123.196937  47.912364  0.415834
-123.196937  47.957280  0.245705
-123.196937  48.002196  0.220195
-123.196937  48.047112  0.274772
-123.196937  48.092028  0.050712
-123.196937  48.136944  0.052710
-123.196937  48.181861  0.086226
-123.129868  47.732699  0.161704
-123.129868  47.777616  0.285447
-123.129868  47.822532  0.370553
-123.129868  47.867448  0.238016
-123.129868  47.912364  0.163731
-123.129868  47.957280  0.089370
-123.129868  48.002196  0.849346
-123.129868  48.047112  0.413250
-123.129868  48.092028  0.040919
-123.129868  48.136944  0.012584
-123.129868  48.181861  0.011418
-123.062798  47.732699  0.092487
-123.062798  47.777616  0.716463
-123.062798  47.822532  0.056079
-123.062798  47.867448  0.124379
-123.062798  47.912364  0.557615
-123.062798  47.957280  0.253288
-123.062798  48.002196  1.000000
-123.062798  48.047112  0.061424
-123.062798  48.092028  0.015765
-123.062798  48.136944  0.013021
-123.062798  48.181861  0.010675
-122.995729  47.732699  0.076930
-122.995729  47.777616  0.226101
-122.995729  47.822532  0.106699
-122.995729  47.867448  0.304254
-122.995729  47.912364  0.645672
-122.995729  47.957280  0.561951
-122.995729  48.002196  0.446578
-122.995729  48.047112  0.341661
-122.995729  48.092028  0.176413
-122.995729  48.136944  0.015915
-122.995729  48.181861  0.011398
-122.928660  47.732699  0.099032
-122.928660  47.777616  0.148247
-122.928660  47.822532  0.080994
-122.928660  47.867448  0.171126
-122.928660  47.912364  0.442449
-122.928660  47.957280  0.823971
-122.928660  48.002196  0.399121
-122.928660  48.047112  0.769064
-122.928660  48.092028  0.114446
-122.928660  48.136944  0.029125
-122.928660  48.181861  0.012779
-122.861591  47.732699  0.044554
-122.861591  47.777616  0.092282
-122.861591  47.822532  0.499220
-122.861591  47.867448  0.212966
-122.861591  47.912364  0.213637
-122.861591  47.957280  0.184317
-122.861591  48.002196  0.039389
-122.861591  48.047112  0.063320
-122.861591  48.092028  0.024152
-122.861591  48.136944  0.011249
-122.861591  48.181861  0.010992
-122.794522  47.732699  0.189445
-122.794522  47.777616  0.138469
-122.794522  47.822532  0.136983
-122.794522  47.867448  0.216947
-122.794522  47.912364  0.086406
-122.794522  47.957280  0.359100
-122.794522  48.002196  0.018948
-122.794522  48.047112  0.064431
-122.794522  48.092028  0.048302
-122.794522  48.136944  0.046469
-122.794522  48.181861  0.012816
-122.727452  47.732699  0.038587
-122.727452  47.777616  0.054784
-122.727452  47.822532  0.080389
-122.727452  47.867448  0.093659
-122.727452  48.136944  0.089213
-122.660383  47.777616  0.042328
-122.660383  47.822532  0.046610
-122.593314  47.732699  0.020277