-123.264006  47.732699  0.265801
-123.264006  47.777616  0.411750
-123.264006  47.822532  0.259628
-123.264006  47.867448  0.252229
-123.264006  47.912364  0.125642
-123.264006  47.957280  0.392138
-123.264006  48.002196  0.325552
-123.264006  48.047112  0.243844
-123.264006  48.092028  0.159363
-123.264006  48.136944  0.139047
-123.264006  48.181861  0.116610
-123.196937  47.732699  0.144291
-123.196937  47.777616  0.283553
-123.196937  47.822532  0.399089
-123.196937  47.867448  0.412058
-123.196937  47.912364  0.332139
-123.196937  47.957280  0.429356
-123.196937  48.002196  0.335067
-123.196937  48.047112  0.438428
-123.196937  48.092028  0.104224
-123.196937  48.136944  0.071719
-123.196937  48.181861  0.139135
-123.129868  47.732699  0.140077
-123.129868  47.777616  0.411735
-123.129868  47.822532  0.394690
-123.129868  47.867448  0.257604
-123.129868  47.912364  0.477451
-123.129868  47.957280  0.284402
-123.129868  48.002196  1.000000
-123.129868  48.047112  0.242431
-123.129868  48.092028  0.054850
-123.129868  48.136944  0.055028
-123.129868  48.181861  0.050494
-123.062798  47.732699  0.176978
-123.062798  47.777616  0.446067
-123.062798  47.822532  0.164841
-123.062798  47.867448  0.270819
-123.062798  47.912364  0.663722
-123.062798  47.957280  0.336338
-123.062798  48.002196  0.761342
-123.062798  48.047112  0.098277
-123.062798  48.092028  0.054054
-123.062798  48.136944  0.055895
-123.062798  48.181861  0.053425
-122.995729  47.732699  0.204925
-122.995729  47.777616  0.346188
-122.995729  47.822532  0.145780
-122.995729  47.867448  0.234954
-122.995729  47.912364  0.562344
-122.995729  47.957280  0.577119
-122.995729  48.002196  0.597793
-122.995729  48.047112  0.352159
-122.995729  48.092028  0.226305
-122.995729  48.136944  0.048798
-122.995729  48.181861  0.056080
-122.928660  47.732699  0.173972
-122.928660  47.777616  0.324979
-122.928660  47.822532  0.197142
-122.928660  47.867448  0.322835
-122.928660  47.912364  0.578743
-122.928660  47.957280  0.548553
-122.928660  48.002196  0.474716
-122.928660  48.047112  0.569521
-122.928660  48.092028  0.152531
-122.928660  48.136944  0.068342
-122.928660  48.181861  0.053489
-122.861591  47.732699  0.122843
-122.861591  47.777616  0.114644
-122.861591  47.822532  0.647115
-122.861591  47.867448  0.345163
-122.861591  47.912364  0.314650
-122.861591  47.957280  0.483202
-122.861591  48.002196  0.129408
-122.861591  48.047112  0.109404
-122.861591  48.092028  0.074970
-122.861591  48.136944  0.048836
-122.861591  48.181861  0.049051
-122.794522  47.732699  0.385925
-122.794522  47.777616  0.275318
-122.794522  47.822532  0.483176
-122.794522  47.867448  0.213957
-122.794522  47.912364  0.140905
-122.794522  47.957280  0.534335
-122.794522  48.002196  0.080828
-122.794522  48.047112  0.164917
-122.794522  48.092028  0.170004
-122.794522  48.136944  0.180584
-122.794522  48.181861  0.061561
-122.727452  47.732699  0.170880
-122.727452  47.777616  0.145634
-122.727452  47.822532  0.246409
-122.727452  47.867448  0.139900
-122.727452  48.136944  0.176333
-122.660383  47.777616  0.084226
-122.660383  47.822532  0.154035
-122.593314  47.732699  0.071156