-123.264006  47.732699  0.113350
-123.264006  47.777616  0.279937
-123.264006  47.822532  0.031563
-123.264006  47.867448  0.063371
-123.264006  47.912364  0.148054
-123.264006  47.957280  0.086463
-123.264006  48.002196  0.256253
-123.264006  48.047112  0.283559
-123.264006  48.092028  0.071031
-123.264006  48.136944  0.052311
-123.264006  48.181861  0.039764
-123.196937  47.732699  0.015150
-123.196937  47.777616  0.388728
-123.196937  47.822532  0.068775
-123.196937  47.867448  0.076748
-123.196937  47.912364  0.089893
-123.196937  47.957280  0.127007
-123.196937  48.002196  0.238000
-123.196937  48.047112  0.168464
-123.196937  48.092028  0.015006
-123.196937  48.136944  0.020696
-123.196937  48.181861  0.040577
-123.129868  47.732699  0.246066
-123.129868  47.777616  0.038665
-123.129868  47.822532  0.178274
-123.129868  47.867448  0.197617
-123.129868  47.912364  0.229143
-123.129868  47.957280  0.140980
-123.129868  48.002196  0.560532
-123.129868  48.047112  0.115985
-123.129868  48.092028  0.024001
-123.129868  48.136944  0.005730
-123.129868  48.181861  0.003024
-123.062798  47.732699  0.090779
-123.062798  47.777616  0.112036
-123.062798  47.822532  0.014338
-123.062798  47.867448  0.033205
-123.062798  47.912364  0.612327
-123.062798  47.957280  0.348974
-123.062798  48.002196  0.953313
-123.062798  48.047112  0.028527
-123.062798  48.092028  0.009471
-123.062798  48.136944  0.003645
-123.062798  48.181861  0.003744
-122.995729  47.732699  0.034194
-122.995729  47.777616  0.178943
-122.995729  47.822532  0.028314
-122.995729  47.867448  0.104252
-122.995729  47.912364  0.464293
-122.995729  47.957280  0.397238
-122.995729  48.002196  0.268839
-122.995729  48.047112  0.411578
-122.995729  48.092028  0.189327
-122.995729  48.136944  0.012713
-122.995729  48.181861  0.003158
-122.928660  47.732699  0.141535
-122.928660  47.777616  0.051245
-122.928660  47.822532  0.018090
-122.928660  47.867448  0.039447
-122.928660  47.912364  0.323871
-122.928660  47.957280  0.519385
-122.928660  48.002196  0.175038
-122.928660  48.047112  1.000000
-122.928660  48.092028  0.090128
-122.928660  48.136944  0.013021
-122.928660  48.181861  0.003926
-122.861591  47.732699  0.012469
-122.861591  47.777616  0.036680
-122.861591  47.822532  0.257085
-122.861591  47.867448  0.051558
-122.861591  47.912364  0.036153
-122.861591  47.957280  0.140699
-122.861591  48.002196  0.036146
-122.861591  48.047112  0.033883
-122.861591  48.092028  0.008751
-122.861591  48.136944  0.002803
-122.861591  48.181861  0.002863
-122.794522  47.732699  0.055255
-122.794522  47.777616  0.026955
-122.794522  47.822532  0.062018
-122.794522  47.867448  0.044438
-122.794522  47.912364  0.041350
-122.794522  47.957280  0.079254
-122.794522  48.002196  0.004941
-122.794522  48.047112  0.032121
-122.794522  48.092028  0.026135
-122.794522  48.136944  0.015527
-122.794522  48.181861  0.004321
-122.727452  47.732699  0.019056
-122.727452  47.777616  0.008815
-122.727452  47.822532  0.058821
-122.727452  47.867448  0.015062
-122.727452  48.136944  0.029460
-122.660383  47.777616  0.011849
-122.660383  47.822532  0.014232
-122.593314  47.732699  0.020223