-123.264006  47.732699  0.299783
-123.264006  47.777616  0.335268
-123.264006  47.822532  0.377541
-123.264006  47.867448  0.153084
-123.264006  47.912364  0.277566
-123.264006  47.957280  0.227806
-123.264006  48.002196  0.307365
-123.264006  48.047112  0.161212
-123.264006  48.092028  0.123962
-123.264006  48.136944  0.103849
-123.264006  48.181861  0.105480
-123.196937  47.732699  0.193226
-123.196937  47.777616  0.390119
-123.196937  47.822532  0.690244
-123.196937  47.867448  0.605907
-123.196937  47.912364  0.557664
-123.196937  47.957280  0.357984
-123.196937  48.002196  0.296282
-123.196937  48.047112  0.183221
-123.196937  48.092028  0.093529
-123.196937  48.136944  0.083750
-123.196937  48.181861  0.094057
-123.129868  47.732699  0.231147
-123.129868  47.777616  0.356975
-123.129868  47.822532  0.506412
-123.129868  47.867448  0.388002
-123.129868  47.912364  0.478713
-123.129868  47.957280  0.188478
-123.129868  48.002196  0.500906
-123.129868  48.047112  0.177362
-123.129868  48.092028  0.059121
-123.129868  48.136944  0.046446
-123.129868  48.181861  0.052256
-123.062798  47.732699  0.263996
-123.062798  47.777616  0.518274
-123.062798  47.822532  0.199788
-123.062798  47.867448  0.318063
-123.062798  47.912364  0.779007
-123.062798  47.957280  0.482234
-123.062798  48.002196  0.220639
-123.062798  48.047112  0.086640
-123.062798  48.092028  0.059599
-123.062798  48.136944  0.051411
-123.062798  48.181861  0.042535
-122.995729  47.732699  0.243058
-122.995729  47.777616  0.303193
-122.995729  47.822532  0.307276
-122.995729  47.867448  0.386052
-122.995729  47.912364  0.645888
-122.995729  47.957280  0.582767
-122.995729  48.002196  0.589464
-122.995729  48.047112  0.297047
-122.995729  48.092028  0.172383
-122.995729  48.136944  0.047756
-122.995729  48.181861  0.051438
-122.928660  47.732699  0.220415
-122.928660  47.777616  0.407923
-122.928660  47.822532  0.200349
-122.928660  47.867448  0.257013
-122.928660  47.912364  0.572444
-122.928660  47.957280  0.710259
-122.928660  48.002196  0.616370
-122.928660  48.047112  0.599064
-122.928660  48.092028  0.135016
-122.928660  48.136944  0.087498
-122.928660  48.181861  0.053303
-122.861591  47.732699  0.213796
-122.861591  47.777616  0.363991
-122.861591  47.822532  1.000000
-122.861591  47.867448  0.329176
-122.861591  47.912364  0.187261
-122.861591  47.957280  0.607559
-122.861591  48.002196  0.151652
-122.861591  48.047112  0.091534
-122.861591  48.092028  0.053328
-122.861591  48.136944  0.053567
-122.861591  48.181861  0.058244
-122.794522  47.732699  0.748765
-122.794522  47.777616  0.307497
-122.794522  47.822532  0.431719
-122.794522  47.867448  0.118933
-122.794522  47.912364  0.261764
-122.794522  47.957280  0.908563
-122.794522  48.002196  0.124682
-122.794522  48.047112  0.156183
-122.794522  48.092028  0.162211
-122.794522  48.136944  0.131011
-122.794522  48.181861  0.067046
-122.727452  47.732699  0.430072
-122.727452  47.777616  0.235020
-122.727452  47.822532  0.306990
-122.727452  47.867448  0.172019
-122.727452  48.136944  0.226538
-122.660383  47.777616  0.308551
-122.660383  47.822532  0.183183
-122.593314  47.732699  0.101791