-123.264006  47.732699  0.179043
-123.264006  47.777616  0.329274
-123.264006  47.822532  0.123400
-123.264006  47.867448  0.022946
-123.264006  47.912364  0.087658
-123.264006  47.957280  0.080309
-123.264006  48.002196  0.259497
-123.264006  48.047112  0.083439
-123.264006  48.092028  0.047988
-123.264006  48.136944  0.041365
-123.264006  48.181861  0.035800
-123.196937  47.732699  0.030270
-123.196937  47.777616  0.152058
-123.196937  47.822532  0.268720
-123.196937  47.867448  0.184143
-123.196937  47.912364  0.263054
-123.196937  47.957280  0.153924
-123.196937  48.002196  0.171200
-123.196937  48.047112  0.105743
-123.196937  48.092028  0.061116
-123.196937  48.136944  0.026797
-123.196937  48.181861  0.041642
-123.129868  47.732699  0.083123
-123.129868  47.777616  0.162614
-123.129868  47.822532  0.416149
-123.129868  47.867448  0.140833
-123.129868  47.912364  0.071014
-123.129868  47.957280  0.118547
-123.129868  48.002196  0.374952
-123.129868  48.047112  0.126869
-123.129868  48.092028  0.030865
-123.129868  48.136944  0.007037
-123.129868  48.181861  0.015276
-123.062798  47.732699  0.138237
-123.062798  47.777616  0.354685
-123.062798  47.822532  0.078097
-123.062798  47.867448  0.189567
-123.062798  47.912364  1.000000
-123.062798  47.957280  0.159793
-123.062798  48.002196  0.416647
-123.062798  48.047112  0.045898
-123.062798  48.092028  0.011599
-123.062798  48.136944  0.008434
-123.062798  48.181861  0.006495
-122.995729  47.732699  0.051106
-122.995729  47.777616  0.196332
-122.995729  47.822532  0.087655
-122.995729  47.867448  0.193233
-122.995729  47.912364  0.293143
-122.995729  47.957280  0.333410
-122.995729  48.002196  0.423477
-122.995729  48.047112  0.228962
-122.995729  48.092028  0.101419
-122.995729  48.136944  0.012603
-122.995729  48.181861  0.007461
-122.928660  47.732699  0.101592
-122.928660  47.777616  0.137650
-122.928660  47.822532  0.082735
-122.928660  47.867448  0.114251
-122.928660  47.912364  0.237826
-122.928660  47.957280  0.313977
-122.928660  48.002196  0.445434
-122.928660  48.047112  0.509345
-122.928660  48.092028  0.062233
-122.928660  48.136944  0.021762
-122.928660  48.181861  0.006777
-122.861591  47.732699  0.035698
-122.861591  47.777616  0.138703
-122.861591  47.822532  0.316866
-122.861591  47.867448  0.154151
-122.861591  47.912364  0.147650
-122.861591  47.957280  0.237402
-122.861591  48.002196  0.047425
-122.861591  48.047112  0.036865
-122.861591  48.092028  0.008139
-122.861591  48.136944  0.006864
-122.861591  48.181861  0.007346
-122.794522  47.732699  0.179733
-122.794522  47.777616  0.081654
-122.794522  47.822532  0.275747
-122.794522  47.867448  0.070573
-122.794522  47.912364  0.057074
-122.794522  47.957280  0.265607
-122.794522  48.002196  0.011745
-122.794522  48.047112  0.115348
-122.794522  48.092028  0.019056
-122.794522  48.136944  0.041759
-122.794522  48.181861  0.010354
-122.727452  47.732699  0.036885
-122.727452  47.777616  0.050708
-122.727452  47.822532  0.035669
-122.727452  47.867448  0.056419
-122.727452  48.136944  0.030257
-122.660383  47.777616  0.153208
-122.660383  47.822532  0.028790
-122.593314  47.732699  0.012297