-123.264006  47.732699  0.052503
-123.264006  47.777616  0.284946
-123.264006  47.822532  0.048581
-123.264006  47.867448  0.040955
-123.264006  47.912364  0.020589
-123.264006  47.957280  0.068496
-123.264006  48.002196  0.382928
-123.264006  48.047112  0.076919
-123.264006  48.092028  0.051560
-123.264006  48.136944  0.013095
-123.264006  48.181861  0.030199
-123.196937  47.732699  0.041818
-123.196937  47.777616  0.126627
-123.196937  47.822532  0.414075
-123.196937  47.867448  0.096125
-123.196937  47.912364  0.158983
-123.196937  47.957280  0.039168
-123.196937  48.002196  0.239146
-123.196937  48.047112  0.157915
-123.196937  48.092028  0.021315
-123.196937  48.136944  0.014529
-123.196937  48.181861  0.032343
-123.129868  47.732699  0.046671
-123.129868  47.777616  0.141173
-123.129868  47.822532  0.341033
-123.129868  47.867448  0.172351
-123.129868  47.912364  0.224405
-123.129868  47.957280  0.058627
-123.129868  48.002196  0.369972
-123.129868  48.047112  0.169602
-123.129868  48.092028  0.017515
-123.129868  48.136944  0.002819
-123.129868  48.181861  0.011416
-123.062798  47.732699  0.106723
-123.062798  47.777616  0.257856
-123.062798  47.822532  0.087178
-123.062798  47.867448  0.031602
-123.062798  47.912364  0.396320
-123.062798  47.957280  0.099836
-123.062798  48.002196  0.244345
-123.062798  48.047112  0.024739
-123.062798  48.092028  0.006006
-123.062798  48.136944  0.003174
-123.062798  48.181861  0.008826
-122.995729  47.732699  0.025762
-122.995729  47.777616  0.105917
-122.995729  47.822532  0.071394
-122.995729  47.867448  0.164748
-122.995729  47.912364  0.151698
-122.995729  47.957280  0.408764
-122.995729  48.002196  0.411966
-122.995729  48.047112  0.241842
-122.995729  48.092028  0.134491
-122.995729  48.136944  0.004222
-122.995729  48.181861  0.002532
-122.928660  47.732699  0.008833
-122.928660  47.777616  0.064178
-122.928660  47.822532  0.061875
-122.928660  47.867448  0.092321
-122.928660  47.912364  0.118782
-122.928660  47.957280  0.160201
-122.928660  48.002196  0.549931
-122.928660  48.047112  1.000000
-122.928660  48.092028  0.060800
-122.928660  48.136944  0.013907
-122.928660  48.181861  0.002567
-122.861591  47.732699  0.020966
-122.861591  47.777616  0.062916
-122.861591  47.822532  0.373521
-122.861591  47.867448  0.118739
-122.861591  47.912364  0.051961
-122.861591  47.957280  0.222574
-122.861591  48.002196  0.010933
-122.861591  48.047112  0.014504
-122.861591  48.092028  0.011557
-122.861591  48.136944  0.002713
-122.861591  48.181861  0.002514
-122.794522  47.732699  0.058919
-122.794522  47.777616  0.034725
-122.794522  47.822532  0.091736
-122.794522  47.867448  0.038910
-122.794522  47.912364  0.013322
-122.794522  47.957280  0.114200
-122.794522  48.002196  0.008617
-122.794522  48.047112  0.018154
-122.794522  48.092028  0.012532
-122.794522  48.136944  0.017236
-122.794522  48.181861  0.003616
-122.727452  47.732699  0.034890
-122.727452  47.777616  0.029565
-122.727452  47.822532  0.013509
-122.727452  47.867448  0.013537
-122.727452  48.136944  0.006403
-122.660383  47.777616  0.004936
-122.660383  47.822532  0.013968
-122.593314  47.732699  0.009055