-123.264006  47.732699  0.096412
-123.264006  47.777616  0.264812
-123.264006  47.822532  0.084942
-123.264006  47.867448  0.072820
-123.264006  47.912364  0.263942
-123.264006  47.957280  0.205105
-123.264006  48.002196  0.273075
-123.264006  48.047112  0.201969
-123.264006  48.092028  0.067528
-123.264006  48.136944  0.041087
-123.264006  48.181861  0.091101
-123.196937  47.732699  0.069302
-123.196937  47.777616  0.237183
-123.196937  47.822532  0.120969
-123.196937  47.867448  0.140115
-123.196937  47.912364  0.152229
-123.196937  47.957280  0.313710
-123.196937  48.002196  0.243894
-123.196937  48.047112  0.293090
-123.196937  48.092028  0.047843
-123.196937  48.136944  0.065888
-123.196937  48.181861  0.087361
-123.129868  47.732699  0.199682
-123.129868  47.777616  0.192680
-123.129868  47.822532  0.287455
-123.129868  47.867448  0.146868
-123.129868  47.912364  0.323915
-123.129868  47.957280  0.108787
-123.129868  48.002196  0.982096
-123.129868  48.047112  0.163245
-123.129868  48.092028  0.037048
-123.129868  48.136944  0.015219
-123.129868  48.181861  0.010154
-123.062798  47.732699  0.118798
-123.062798  47.777616  0.278843
-123.062798  47.822532  0.073061
-123.062798  47.867448  0.089629
-123.062798  47.912364  0.603581
-123.062798  47.957280  0.217900
-123.062798  48.002196  1.000000
-123.062798  48.047112  0.067883
-123.062798  48.092028  0.015104
-123.062798  48.136944  0.011488
-123.062798  48.181861  0.012917
-122.995729  47.732699  0.093881
-122.995729  47.777616  0.242942
-122.995729  47.822532  0.048550
-122.995729  47.867448  0.194984
-122.995729  47.912364  0.522172
-122.995729  47.957280  0.433666
-122.995729  48.002196  0.314656
-122.995729  48.047112  0.400252
-122.995729  48.092028  0.187572
-122.995729  48.136944  0.022873
-122.995729  48.181861  0.011475
-122.928660  47.732699  0.101914
-122.928660  47.777616  0.094306
-122.928660  47.822532  0.041781
-122.928660  47.867448  0.149220
-122.928660  47.912364  0.596917
-122.928660  47.957280  0.461014
-122.928660  48.002196  0.244955
-122.928660  48.047112  0.724202
-122.928660  48.092028  0.079801
-122.928660  48.136944  0.028610
-122.928660  48.181861  0.011836
-122.861591  47.732699  0.048516
-122.861591  47.777616  0.116278
-122.861591  47.822532  0.314624
-122.861591  47.867448  0.158627
-122.861591  47.912364  0.110063
-122.861591  47.957280  0.232893
-122.861591  48.002196  0.078738
-122.861591  48.047112  0.070115
-122.861591  48.092028  0.023086
-122.861591  48.136944  0.010073
-122.861591  48.181861  0.010480
-122.794522  47.732699  0.159600
-122.794522  47.777616  0.051891
-122.794522  47.822532  0.413093
-122.794522  47.867448  0.197958
-122.794522  47.912364  0.047942
-122.794522  47.957280  0.161190
-122.794522  48.002196  0.012969
-122.794522  48.047112  0.055841
-122.794522  48.092028  0.061574
-122.794522  48.136944  0.043193
-122.794522  48.181861  0.013433
-122.727452  47.732699  0.058090
-122.727452  47.777616  0.062268
-122.727452  47.822532  0.114253
-122.727452  47.867448  0.076252
-122.727452  48.136944  0.062172
-122.660383  47.777616  0.047571
-122.660383  47.822532  0.046535
-122.593314  47.732699  0.021291