-123.264006  47.732699  0.203755
-123.264006  47.777616  0.526032
-123.264006  47.822532  0.343995
-123.264006  47.867448  0.461315
-123.264006  47.912364  0.317012
-123.264006  47.957280  0.262828
-123.264006  48.002196  0.368593
-123.264006  48.047112  0.259089
-123.264006  48.092028  0.199711
-123.264006  48.136944  0.103243
-123.264006  48.181861  0.152772
-123.196937  47.732699  0.386507
-123.196937  47.777616  0.472920
-123.196937  47.822532  0.684453
-123.196937  47.867448  0.547586
-123.196937  47.912364  0.505543
-123.196937  47.957280  0.515600
-123.196937  48.002196  0.440491
-123.196937  48.047112  0.488561
-123.196937  48.092028  0.119874
-123.196937  48.136944  0.138774
-123.196937  48.181861  0.149111
-123.129868  47.732699  0.190116
-123.129868  47.777616  0.354541
-123.129868  47.822532  0.554627
-123.129868  47.867448  0.385963
-123.129868  47.912364  0.471945
-123.129868  47.957280  0.242708
-123.129868  48.002196  0.968669
-123.129868  48.047112  0.288617
-123.129868  48.092028  0.068745
-123.129868  48.136944  0.068453
-123.129868  48.181861  0.061837
-123.062798  47.732699  0.211441
-123.062798  47.777616  0.448637
-123.062798  47.822532  0.204030
-123.062798  47.867448  0.502379
-123.062798  47.912364  0.769042
-123.062798  47.957280  0.517564
-123.062798  48.002196  0.664282
-123.062798  48.047112  0.127063
-123.062798  48.092028  0.065047
-123.062798  48.136944  0.065489
-123.062798  48.181861  0.060675
-122.995729  47.732699  0.217363
-122.995729  47.777616  0.338493
-122.995729  47.822532  0.300005
-122.995729  47.867448  0.772369
-122.995729  47.912364  0.676133
-122.995729  47.957280  0.785647
-122.995729  48.002196  0.672174
-122.995729  48.047112  0.419873
-122.995729  48.092028  0.252664
-122.995729  48.136944  0.061666
-122.995729  48.181861  0.066860
-122.928660  47.732699  0.354744
-122.928660  47.777616  0.633138
-122.928660  47.822532  0.250210
-122.928660  47.867448  0.417231
-122.928660  47.912364  0.767154
-122.928660  47.957280  0.664487
-122.928660  48.002196  0.732502
-122.928660  48.047112  0.634071
-122.928660  48.092028  0.176963
-122.928660  48.136944  0.089765
-122.928660  48.181861  0.065228
-122.861591  47.732699  0.226739
-122.861591  47.777616  0.367283
-122.861591  47.822532  1.000000
-122.861591  47.867448  0.437919
-122.861591  47.912364  0.483046
-122.861591  47.957280  0.497756
-122.861591  48.002196  0.167404
-122.861591  48.047112  0.108633
-122.861591  48.092028  0.101055
-122.861591  48.136944  0.064534
-122.861591  48.181861  0.068200
-122.794522  47.732699  0.743289
-122.794522  47.777616  0.481577
-122.794522  47.822532  0.440245
-122.794522  47.867448  0.360492
-122.794522  47.912364  0.226538
-122.794522  47.957280  0.804505
-122.794522  48.002196  0.142822
-122.794522  48.047112  0.136184
-122.794522  48.092028  0.240187
-122.794522  48.136944  0.191730
-122.794522  48.181861  0.074391
-122.727452  47.732699  0.511649
-122.727452  47.777616  0.163437
-122.727452  47.822532  0.185823
-122.727452  47.867448  0.297358
-122.727452  48.136944  0.278859
-122.660383  47.777616  0.304068
-122.660383  47.822532  0.189197
-122.593314  47.732699  0.163520