-123.264006  47.732699  0.076193
-123.264006  47.777616  0.586868
-123.264006  47.822532  0.046055
-123.264006  47.867448  0.050786
-123.264006  47.912364  0.126192
-123.264006  47.957280  0.111301
-123.264006  48.002196  0.233462
-123.264006  48.047112  0.064345
-123.264006  48.092028  0.044505
-123.264006  48.136944  0.030791
-123.264006  48.181861  0.054786
-123.196937  47.732699  0.069633
-123.196937  47.777616  0.156329
-123.196937  47.822532  0.220598
-123.196937  47.867448  0.078790
-123.196937  47.912364  0.116184
-123.196937  47.957280  0.155550
-123.196937  48.002196  0.151138
-123.196937  48.047112  0.392298
-123.196937  48.092028  0.039265
-123.196937  48.136944  0.018726
-123.196937  48.181861  0.050140
-123.129868  47.732699  0.085917
-123.129868  47.777616  0.143088
-123.129868  47.822532  0.246515
-123.129868  47.867448  0.234201
-123.129868  47.912364  0.251824
-123.129868  47.957280  0.043226
-123.129868  48.002196  0.356300
-123.129868  48.047112  0.201220
-123.129868  48.092028  0.013751
-123.129868  48.136944  0.003841
-123.129868  48.181861  0.005808
-123.062798  47.732699  0.063210
-123.062798  47.777616  0.400075
-123.062798  47.822532  0.067001
-123.062798  47.867448  0.032108
-123.062798  47.912364  0.586837
-123.062798  47.957280  0.142903
-123.062798  48.002196  1.000000
-123.062798  48.047112  0.034350
-123.062798  48.092028  0.011078
-123.062798  48.136944  0.003887
-123.062798  48.181861  0.003490
-122.995729  47.732699  0.022818
-122.995729  47.777616  0.178104
-122.995729  47.822532  0.027488
-122.995729  47.867448  0.286699
-122.995729  47.912364  0.406698
-122.995729  47.957280  0.332342
-122.995729  48.002196  0.357761
-122.995729  48.047112  0.337233
-122.995729  48.092028  0.188871
-122.995729  48.136944  0.008307
-122.995729  48.181861  0.003014
-122.928660  47.732699  0.014186
-122.928660  47.777616  0.129457
-122.928660  47.822532  0.023454
-122.928660  47.867448  0.026809
-122.928660  47.912364  0.258411
-122.928660  47.957280  0.305293
-122.928660  48.002196  0.201154
-122.928660  48.047112  0.898518
-122.928660  48.092028  0.100866
-122.928660  48.136944  0.017030
-122.928660  48.181861  0.004010
-122.861591  47.732699  0.018926
-122.861591  47.777616  0.045008
-122.861591  47.822532  0.348974
-122.861591  47.867448  0.135692
-122.861591  47.912364  0.083672
-122.861591  47.957280  0.162220
-122.861591  48.002196  0.026764
-122.861591  48.047112  0.014456
-122.861591  48.092028  0.008654
-122.861591  48.136944  0.003255
-122.861591  48.181861  0.003354
-122.794522  47.732699  0.055637
-122.794522  47.777616  0.042990
-122.794522  47.822532  0.125457
-122.794522  47.867448  0.077477
-122.794522  47.912364  0.034016
-122.794522  47.957280  0.104763
-122.794522  48.002196  0.010881
-122.794522  48.047112  0.015594
-122.794522  48.092028  0.012661
-122.794522  48.136944  0.017250
-122.794522  48.181861  0.003959
-122.727452  47.732699  0.032471
-122.727452  47.777616  0.103117
-122.727452  47.822532  0.056792
-122.727452  47.867448  0.035806
-122.727452  48.136944  0.030584
-122.660383  47.777616  0.008094
-122.660383  47.822532  0.014390
-122.593314  47.732699  0.013746