-123.264006  47.732699   0.000000
-123.264006  47.777616  14.809529
-123.264006  47.822532  16.034624
-123.264006  47.867448  17.360645
-123.264006  47.912364  18.532934
-123.264006  47.957280  14.624139
-123.264006  48.002196  15.876244
-123.264006  48.047112  16.347871
-123.264006  48.092028  17.546470
-123.264006  48.136944  13.968500
-123.264006  48.181861  17.439483
-123.196937  47.732699  30.497572
-123.196937  47.777616  18.251371
-123.196937  47.822532  14.383616
-123.196937  47.867448  18.335288
-123.196937  47.912364  13.250415
-123.196937  47.957280  15.321560
-123.196937  48.002196  11.803779
-123.196937  48.047112  15.718573
-123.196937  48.092028  13.833778
-123.196937  48.136944  19.570638
-123.196937  48.181861  22.720675
-123.129868  47.732699  14.046655
-123.129868  47.777616  17.638164
-123.129868  47.822532  15.861827
-123.129868  47.867448  13.663581
-123.129868  47.912364  14.228803
-123.129868  47.957280  11.966122
-123.129868  48.002196  11.912108
-123.129868  48.047112  17.192629
-123.129868  48.092028  15.303146
-123.129868  48.136944   9.300388
-123.129868  48.181861  18.589463
-123.062798  47.732699  17.623164
-123.062798  47.777616  11.843965
-123.062798  47.822532  18.171553
-123.062798  47.867448  14.184636
-123.062798  47.912364   8.126930
-123.062798  47.957280  10.355476
-123.062798  48.002196  12.980655
-123.062798  48.047112  14.904897
-123.062798  48.092028  13.230714
-123.062798  48.136944  11.566801
-123.062798  48.181861  14.244878
-122.995729  47.732699  13.328496
-122.995729  47.777616  19.878796
-122.995729  47.822532  11.414901
-122.995729  47.867448  11.508887
-122.995729  47.912364  10.018605
-122.995729  47.957280   9.618257
-122.995729  48.002196  10.462182
-122.995729  48.047112  13.608124
-122.995729  48.092028  14.331232
-122.995729  48.136944  14.554475
-122.995729  48.181861  10.674637
-122.928660  47.732699  10.388928
-122.928660  47.777616  13.744971
-122.928660  47.822532  14.200228
-122.928660  47.867448  10.190248
-122.928660  47.912364   8.331712
-122.928660  47.957280   9.736577
-122.928660  48.002196  13.983984
-122.928660  48.047112  13.420424
-122.928660  48.092028  14.488530
-122.928660  48.136944  11.891423
-122.928660  48.181861  10.680295
-122.861591  47.732699  17.722833
-122.861591  47.777616  17.178194
-122.861591  47.822532  12.960239
-122.861591  47.867448   7.711647
-122.861591  47.912364   7.520948
-122.861591  47.957280   2.680313
-122.861591  48.002196  17.363519
-122.861591  48.047112  10.655450
-122.861591  48.092028  13.131673
-122.861591  48.136944   8.256660
-122.861591  48.181861  12.609595
-122.794522  47.732699   0.635999
-122.794522  47.777616  10.389770
-122.794522  47.822532   8.939292
-122.794522  47.867448  11.146727
-122.794522  47.912364  15.645572
-122.794522  47.957280   0.000000
-122.794522  48.002196  11.610265
-122.794522  48.047112  14.017098
-122.794522  48.092028  11.520470
-122.794522  48.136944  22.497499
-122.794522  48.181861   8.825837
-122.727452  47.732699  20.273435
-122.727452  47.777616  23.084865
-122.727452  47.822532  12.755723
-122.727452  47.867448  16.598154
-122.727452  48.136944   6.444259
-122.660383  47.777616  11.921194
-122.660383  47.822532  13.174379
-122.593314  47.732699  18.791953