-123.264006  47.732699   0.000000
-123.264006  47.777616  15.024296
-123.264006  47.822532  14.401786
-123.264006  47.867448  20.104790
-123.264006  47.912364  16.345705
-123.264006  47.957280  13.810586
-123.264006  48.002196  18.067021
-123.264006  48.047112  14.392651
-123.264006  48.092028  17.598031
-123.264006  48.136944  19.023334
-123.264006  48.181861  16.908318
-123.196937  47.732699  16.830660
-123.196937  47.777616  15.618569
-123.196937  47.822532  13.136313
-123.196937  47.867448  18.739415
-123.196937  47.912364   9.491790
-123.196937  47.957280  11.880290
-123.196937  48.002196  11.286747
-123.196937  48.047112  13.269702
-123.196937  48.092028  18.628371
-123.196937  48.136944  18.051220
-123.196937  48.181861  21.392871
-123.129868  47.732699   0.000000
-123.129868  47.777616  16.713652
-123.129868  47.822532  15.257771
-123.129868  47.867448  14.870613
-123.129868  47.912364  16.144267
-123.129868  47.957280  15.937173
-123.129868  48.002196  12.156233
-123.129868  48.047112  12.958377
-123.129868  48.092028  11.917468
-123.129868  48.136944  13.632326
-123.129868  48.181861  14.559045
-123.062798  47.732699  16.628231
-123.062798  47.777616  14.540273
-123.062798  47.822532  16.105860
-123.062798  47.867448  14.100034
-123.062798  47.912364  12.198989
-123.062798  47.957280  13.301021
-123.062798  48.002196  11.672122
-123.062798  48.047112  14.126290
-123.062798  48.092028   9.642576
-123.062798  48.136944   8.241279
-123.062798  48.181861  11.583028
-122.995729  47.732699   9.725332
-122.995729  47.777616  17.201129
-122.995729  47.822532  15.036212
-122.995729  47.867448  12.901172
-122.995729  47.912364   9.662552
-122.995729  47.957280   7.392042
-122.995729  48.002196  10.452055
-122.995729  48.047112  12.688092
-122.995729  48.092028  13.083048
-122.995729  48.136944  15.193971
-122.995729  48.181861  11.812994
-122.928660  47.732699   8.951041
-122.928660  47.777616  14.382567
-122.928660  47.822532  12.430597
-122.928660  47.867448  15.958982
-122.928660  47.912364  11.271957
-122.928660  47.957280   9.522561
-122.928660  48.002196  11.545751
-122.928660  48.047112  10.726662
-122.928660  48.092028  14.752608
-122.928660  48.136944  10.239277
-122.928660  48.181861  13.192289
-122.861591  47.732699  16.544777
-122.861591  47.777616  20.740692
-122.861591  47.822532  11.673299
-122.861591  47.867448  15.966924
-122.861591  47.912364  10.245034
-122.861591  47.957280   3.650526
-122.861591  48.002196  16.130623
-122.861591  48.047112  10.620427
-122.861591  48.092028   8.073646
-122.861591  48.136944   5.619474
-122.861591  48.181861   7.475817
-122.794522  47.732699   0.975642
-122.794522  47.777616  11.660154
-122.794522  47.822532  10.252135
-122.794522  47.867448  10.486059
-122.794522  47.912364  12.959808
-122.794522  47.957280   0.000000
-122.794522  48.002196  12.936977
-122.794522  48.047112  15.609303
-122.794522  48.092028  15.297500
-122.794522  48.136944  15.684085
-122.794522  48.181861   9.895844
-122.727452  47.732699   8.744255
-122.727452  47.777616  20.268411
-122.727452  47.822532  10.679453
-122.727452  47.867448  15.938414
-122.727452  48.136944   7.820255
-122.660383  47.777616  19.500575
-122.660383  47.822532   9.453871
-122.593314  47.732699  12.118254