-123.264006  47.732699  19.587808
-123.264006  47.777616  15.350692
-123.264006  47.822532  12.116688
-123.264006  47.867448  16.089631
-123.264006  47.912364  18.541357
-123.264006  47.957280  12.634296
-123.264006  48.002196  15.741382
-123.264006  48.047112  12.536553
-123.264006  48.092028  16.971933
-123.264006  48.136944  18.643972
-123.264006  48.181861  15.784211
-123.196937  47.732699  16.377929
-123.196937  47.777616  18.905745
-123.196937  47.822532  13.750116
-123.196937  47.867448  12.898969
-123.196937  47.912364  13.131821
-123.196937  47.957280  16.952927
-123.196937  48.002196  11.434848
-123.196937  48.047112  13.780545
-123.196937  48.092028   0.000000
-123.196937  48.136944  18.245797
-123.196937  48.181861  18.736879
-123.129868  47.732699  20.303856
-123.129868  47.777616  16.213359
-123.129868  47.822532  13.103915
-123.129868  47.867448  16.530004
-123.129868  47.912364  14.803010
-123.129868  47.957280  13.099562
-123.129868  48.002196  13.847722
-123.129868  48.047112  13.809048
-123.129868  48.092028  15.287803
-123.129868  48.136944  13.049591
-123.129868  48.181861  19.681850
-123.062798  47.732699  17.307943
-123.062798  47.777616  11.527550
-123.062798  47.822532  17.520197
-123.062798  47.867448  14.239560
-123.062798  47.912364   7.256491
-123.062798  47.957280  12.896847
-123.062798  48.002196  14.732759
-123.062798  48.047112  14.607673
-123.062798  48.092028  12.573323
-123.062798  48.136944  12.753679
-123.062798  48.181861  14.835929
-122.995729  47.732699  12.000677
-122.995729  47.777616  16.501192
-122.995729  47.822532   9.576817
-122.995729  47.867448  11.966517
-122.995729  47.912364  13.062718
-122.995729  47.957280  11.812501
-122.995729  48.002196   8.907514
-122.995729  48.047112  13.116837
-122.995729  48.092028  14.570482
-122.995729  48.136944  13.723888
-122.995729  48.181861   8.085337
-122.928660  47.732699  22.942891
-122.928660  47.777616  16.256932
-122.928660  47.822532  11.065109
-122.928660  47.867448  11.738291
-122.928660  47.912364   9.781206
-122.928660  47.957280  10.245559
-122.928660  48.002196  12.239272
-122.928660  48.047112  13.088834
-122.928660  48.092028  15.239259
-122.928660  48.136944  12.248608
-122.928660  48.181861  12.212652
-122.861591  47.732699  19.344470
-122.861591  47.777616   8.362139
-122.861591  47.822532  12.515372
-122.861591  47.867448  12.054963
-122.861591  47.912364   5.477523
-122.861591  47.957280   7.855996
-122.861591  48.002196  13.725892
-122.861591  48.047112  13.072359
-122.861591  48.092028  10.669981
-122.861591  48.136944   9.005097
-122.861591  48.181861   9.086916
-122.794522  47.732699   0.972960
-122.794522  47.777616  10.793470
-122.794522  47.822532  17.719885
-122.794522  47.867448  12.635779
-122.794522  47.912364   9.108492
-122.794522  47.957280   0.000000
-122.794522  48.002196   0.000000
-122.794522  48.047112   8.340295
-122.794522  48.092028  16.834583
-122.794522  48.136944  14.959966
-122.794522  48.181861   2.162517
-122.727452  47.732699  11.978789
-122.727452  47.777616   6.779807
-122.727452  47.822532   8.952638
-122.727452  47.867448  10.296538
-122.727452  48.136944   6.161991
-122.660383  47.777616   9.212445
-122.660383  47.822532   4.303743
-122.593314  47.732699  13.400243