-123.264006  47.732699   0.000000
-123.264006  47.777616  12.674613
-123.264006  47.822532  15.334777
-123.264006  47.867448  16.957448
-123.264006  47.912364  16.888464
-123.264006  47.957280  16.942261
-123.264006  48.002196  13.521220
-123.264006  48.047112  12.163466
-123.264006  48.092028  19.850556
-123.264006  48.136944  12.290082
-123.264006  48.181861  19.078629
-123.196937  47.732699  17.688893
-123.196937  47.777616  19.705990
-123.196937  47.822532  15.667475
-123.196937  47.867448  14.343422
-123.196937  47.912364  12.932953
-123.196937  47.957280  16.750134
-123.196937  48.002196  12.657868
-123.196937  48.047112  13.007007
-123.196937  48.092028   0.000000
-123.196937  48.136944  17.453336
-123.196937  48.181861  18.610449
-123.129868  47.732699   0.000000
-123.129868  47.777616  12.503686
-123.129868  47.822532  12.636326
-123.129868  47.867448  16.097021
-123.129868  47.912364  15.243363
-123.129868  47.957280  13.779483
-123.129868  48.002196  13.244141
-123.129868  48.047112  12.844980
-123.129868  48.092028  16.780497
-123.129868  48.136944  13.179389
-123.129868  48.181861  22.908764
-123.062798  47.732699  20.079551
-123.062798  47.777616  10.950311
-123.062798  47.822532  13.219543
-123.062798  47.867448  14.949152
-123.062798  47.912364   7.295788
-123.062798  47.957280   9.802375
-123.062798  48.002196  14.837063
-123.062798  48.047112  15.253623
-123.062798  48.092028  14.684619
-123.062798  48.136944  11.377657
-123.062798  48.181861  18.145569
-122.995729  47.732699  11.651191
-122.995729  47.777616  17.405051
-122.995729  47.822532  12.209661
-122.995729  47.867448  11.929333
-122.995729  47.912364  10.924586
-122.995729  47.957280  10.087248
-122.995729  48.002196   9.772441
-122.995729  48.047112  13.714618
-122.995729  48.092028  15.697346
-122.995729  48.136944  13.801433
-122.995729  48.181861  10.431401
-122.928660  47.732699  19.059836
-122.928660  47.777616   5.991688
-122.928660  47.822532  11.727055
-122.928660  47.867448   9.821412
-122.928660  47.912364  10.916088
-122.928660  47.957280  10.381842
-122.928660  48.002196  11.152080
-122.928660  48.047112  13.577287
-122.928660  48.092028  14.995790
-122.928660  48.136944  12.645989
-122.928660  48.181861   9.116789
-122.861591  47.732699  13.825431
-122.861591  47.777616  10.775457
-122.861591  47.822532  14.555656
-122.861591  47.867448  12.628673
-122.861591  47.912364   5.082543
-122.861591  47.957280   8.040446
-122.861591  48.002196  14.124735
-122.861591  48.047112  11.100441
-122.861591  48.092028  16.594131
-122.861591  48.136944  10.959440
-122.861591  48.181861  11.788563
-122.794522  47.732699   0.973660
-122.794522  47.777616  11.265681
-122.794522  47.822532  18.208756
-122.794522  47.867448   9.600024
-122.794522  47.912364  12.814994
-122.794522  47.957280   0.000000
-122.794522  48.002196   7.003395
-122.794522  48.047112   2.301202
-122.794522  48.092028  11.702621
-122.794522  48.136944  14.691992
-122.794522  48.181861   9.390532
-122.727452  47.732699  20.310278
-122.727452  47.777616  18.000598
-122.727452  47.822532  19.603926
-122.727452  47.867448   0.000000
-122.727452  48.136944   0.499668
-122.660383  47.777616  18.163880
-122.660383  47.822532  12.756978
-122.593314  47.732699  16.628491