-123.264006  47.732699   0.000000
-123.264006  47.777616  14.200918
-123.264006  47.822532  14.930284
-123.264006  47.867448  20.734698
-123.264006  47.912364  17.778783
-123.264006  47.957280  14.609596
-123.264006  48.002196  18.331767
-123.264006  48.047112  15.288925
-123.264006  48.092028  14.838292
-123.264006  48.136944  17.162892
-123.264006  48.181861  14.157608
-123.196937  47.732699  19.349780
-123.196937  47.777616  15.664019
-123.196937  47.822532  12.812550
-123.196937  47.867448  12.384263
-123.196937  47.912364  10.354276
-123.196937  47.957280   9.430653
-123.196937  48.002196  11.782817
-123.196937  48.047112  13.340480
-123.196937  48.092028  17.608075
-123.196937  48.136944  17.044662
-123.196937  48.181861  19.812979
-123.129868  47.732699   0.000000
-123.129868  47.777616  18.617801
-123.129868  47.822532  14.393887
-123.129868  47.867448  15.281834
-123.129868  47.912364  16.568369
-123.129868  47.957280  16.142000
-123.129868  48.002196  12.217832
-123.129868  48.047112  13.584646
-123.129868  48.092028  13.912940
-123.129868  48.136944  11.459605
-123.129868  48.181861  12.467356
-123.062798  47.732699  16.335138
-123.062798  47.777616  14.979383
-123.062798  47.822532  15.773105
-123.062798  47.867448  14.392152
-123.062798  47.912364  10.932878
-123.062798  47.957280  11.083918
-123.062798  48.002196  11.730945
-123.062798  48.047112  12.695458
-123.062798  48.092028  11.343529
-123.062798  48.136944   9.432423
-123.062798  48.181861  10.445110
-122.995729  47.732699  10.421948
-122.995729  47.777616  16.897206
-122.995729  47.822532  14.989347
-122.995729  47.867448   7.438370
-122.995729  47.912364   7.785201
-122.995729  47.957280   6.915447
-122.995729  48.002196  10.397387
-122.995729  48.047112  11.654071
-122.995729  48.092028  12.682421
-122.995729  48.136944  13.144364
-122.995729  48.181861   9.911434
-122.928660  47.732699   8.844994
-122.928660  47.777616  15.933647
-122.928660  47.822532  12.209853
-122.928660  47.867448   8.216435
-122.928660  47.912364  11.069465
-122.928660  47.957280   9.699242
-122.928660  48.002196  11.755412
-122.928660  48.047112  10.501556
-122.928660  48.092028  13.715901
-122.928660  48.136944  10.469419
-122.928660  48.181861   5.896169
-122.861591  47.732699  19.652630
-122.861591  47.777616  13.126234
-122.861591  47.822532  12.373986
-122.861591  47.867448  13.862064
-122.861591  47.912364   9.510510
-122.861591  47.957280   3.485495
-122.861591  48.002196  14.637516
-122.861591  48.047112  11.088257
-122.861591  48.092028   5.125927
-122.861591  48.136944   2.326292
-122.861591  48.181861   4.146849
-122.794522  47.732699   0.896570
-122.794522  47.777616  10.979985
-122.794522  47.822532   8.457502
-122.794522  47.867448  11.386736
-122.794522  47.912364   6.366055
-122.794522  47.957280   0.000000
-122.794522  48.002196   0.000000
-122.794522  48.047112  14.926314
-122.794522  48.092028  13.342363
-122.794522  48.136944  15.567861
-122.794522  48.181861  14.302519
-122.727452  47.732699   8.240109
-122.727452  47.777616  17.856019
-122.727452  47.822532   6.035151
-122.727452  47.867448   3.082065
-122.727452  48.136944   6.116201
-122.660383  47.777616  17.741023
-122.660383  47.822532  16.119276
-122.593314  47.732699   3.571315