-123.264006  47.732699  21.694530
-123.264006  47.777616  13.392703
-123.264006  47.822532  16.365613
-123.264006  47.867448  21.153242
-123.264006  47.912364  13.514734
-123.264006  47.957280  15.563001
-123.264006  48.002196  16.782253
-123.264006  48.047112  16.878782
-123.264006  48.092028  17.673121
-123.264006  48.136944  12.967831
-123.264006  48.181861  14.671710
-123.196937  47.732699  28.559275
-123.196937  47.777616  16.230136
-123.196937  47.822532  14.280965
-123.196937  47.867448  17.684177
-123.196937  47.912364  12.852199
-123.196937  47.957280  12.499778
-123.196937  48.002196  12.253651
-123.196937  48.047112  14.645151
-123.196937  48.092028  23.286572
-123.196937  48.136944  17.499727
-123.196937  48.181861  21.845356
-123.129868  47.732699  14.589419
-123.129868  47.777616  16.912441
-123.129868  47.822532  15.434920
-123.129868  47.867448  13.672268
-123.129868  47.912364  14.589639
-123.129868  47.957280  12.589292
-123.129868  48.002196  11.679665
-123.129868  48.047112  14.394068
-123.129868  48.092028  14.991541
-123.129868  48.136944  10.953956
-123.129868  48.181861  13.347647
-123.062798  47.732699  17.489471
-123.062798  47.777616  14.325668
-123.062798  47.822532  17.327399
-123.062798  47.867448  14.195714
-123.062798  47.912364  10.861698
-123.062798  47.957280  10.958821
-123.062798  48.002196  12.763504
-123.062798  48.047112  14.449669
-123.062798  48.092028  12.023653
-123.062798  48.136944   9.532656
-123.062798  48.181861  13.800624
-122.995729  47.732699  14.875493
-122.995729  47.777616  17.845492
-122.995729  47.822532  10.138105
-122.995729  47.867448  12.200505
-122.995729  47.912364   7.313219
-122.995729  47.957280   9.413379
-122.995729  48.002196   9.007210
-122.995729  48.047112  14.117454
-122.995729  48.092028  13.669347
-122.995729  48.136944  15.135571
-122.995729  48.181861  11.516013
-122.928660  47.732699  22.473163
-122.928660  47.777616  14.949121
-122.928660  47.822532  13.045935
-122.928660  47.867448  13.611358
-122.928660  47.912364  10.949721
-122.928660  47.957280   9.836152
-122.928660  48.002196  13.446359
-122.928660  48.047112  12.286198
-122.928660  48.092028  14.958154
-122.928660  48.136944  10.212594
-122.928660  48.181861   5.955946
-122.861591  47.732699  21.865050
-122.861591  47.777616  13.481322
-122.861591  47.822532  12.382557
-122.861591  47.867448  12.398626
-122.861591  47.912364   8.590108
-122.861591  47.957280  10.090883
-122.861591  48.002196  16.265158
-122.861591  48.047112  13.300315
-122.861591  48.092028   9.522988
-122.861591  48.136944   7.748261
-122.861591  48.181861  11.631659
-122.794522  47.732699   0.658284
-122.794522  47.777616  10.028496
-122.794522  47.822532  10.235901
-122.794522  47.867448   9.204212
-122.794522  47.912364  12.121136
-122.794522  47.957280   0.000000
-122.794522  48.002196   0.000000
-122.794522  48.047112   9.777681
-122.794522  48.092028  15.566424
-122.794522  48.136944  18.853456
-122.794522  48.181861   7.001106
-122.727452  47.732699  21.445715
-122.727452  47.777616  23.634392
-122.727452  47.822532   4.845082
-122.727452  47.867448   7.277788
-122.727452  48.136944  18.357625
-122.660383  47.777616  16.894624
-122.660383  47.822532  13.602707
-122.593314  47.732699  16.843468