-123.264006  47.732699   0.000000
-123.264006  47.777616  14.565979
-123.264006  47.822532  13.816885
-123.264006  47.867448  16.985699
-123.264006  47.912364  14.809634
-123.264006  47.957280  16.810656
-123.264006  48.002196  15.184095
-123.264006  48.047112  14.151216
-123.264006  48.092028  15.289700
-123.264006  48.136944  15.035873
-123.264006  48.181861  26.926036
-123.196937  47.732699  12.900300
-123.196937  47.777616  19.053506
-123.196937  47.822532  14.445742
-123.196937  47.867448  17.433652
-123.196937  47.912364   9.974781
-123.196937  47.957280  13.150301
-123.196937  48.002196  11.868884
-123.196937  48.047112  16.310033
-123.196937  48.092028  15.168890
-123.196937  48.136944  15.575221
-123.196937  48.181861  19.177024
-123.129868  47.732699   0.000000
-123.129868  47.777616  15.921478
-123.129868  47.822532  16.586696
-123.129868  47.867448  15.481797
-123.129868  47.912364  13.830152
-123.129868  47.957280  11.833072
-123.129868  48.002196  11.516052
-123.129868  48.047112  13.976725
-123.129868  48.092028   7.246610
-123.129868  48.136944   8.802167
-123.129868  48.181861   9.410044
-123.062798  47.732699  19.985366
-123.062798  47.777616  13.157851
-123.062798  47.822532  16.199604
-123.062798  47.867448  11.916725
-123.062798  47.912364   9.805638
-123.062798  47.957280  11.364529
-123.062798  48.002196  13.055409
-123.062798  48.047112  14.000576
-123.062798  48.092028   5.737597
-123.062798  48.136944   6.623148
-123.062798  48.181861  12.057585
-122.995729  47.732699  12.775474
-122.995729  47.777616  18.436402
-122.995729  47.822532  10.799581
-122.995729  47.867448  12.369322
-122.995729  47.912364   8.002809
-122.995729  47.957280   9.625337
-122.995729  48.002196   9.226078
-122.995729  48.047112  13.099686
-122.995729  48.092028  12.582013
-122.995729  48.136944  10.201923
-122.995729  48.181861   8.169689
-122.928660  47.732699   9.908452
-122.928660  47.777616  10.093502
-122.928660  47.822532   9.293667
-122.928660  47.867448  10.387891
-122.928660  47.912364  11.696099
-122.928660  47.957280   9.196934
-122.928660  48.002196  13.459218
-122.928660  48.047112  11.291667
-122.928660  48.092028  14.687932
-122.928660  48.136944   9.827621
-122.928660  48.181861   2.762008
-122.861591  47.732699  10.975260
-122.861591  47.777616  17.645113
-122.861591  47.822532  12.432667
-122.861591  47.867448  15.564070
-122.861591  47.912364   9.867032
-122.861591  47.957280  12.242698
-122.861591  48.002196   9.648108
-122.861591  48.047112   9.806406
-122.861591  48.092028   5.525030
-122.861591  48.136944   3.617384
-122.861591  48.181861   0.000000
-122.794522  47.732699   1.101700
-122.794522  47.777616   7.250592
-122.794522  47.822532  12.234760
-122.794522  47.867448  14.521376
-122.794522  47.912364  14.141013
-122.794522  47.957280   0.000000
-122.794522  48.002196  11.838896
-122.794522  48.047112   0.000000
-122.794522  48.092028   0.423603
-122.794522  48.136944  18.956828
-122.794522  48.181861   2.108911
-122.727452  47.732699   0.000000
-122.727452  47.777616   9.271501
-122.727452  47.822532  14.131682
-122.727452  47.867448   0.000000
-122.727452  48.136944   6.322858
-122.660383  47.777616  12.875977
-122.660383  47.822532   8.394769
-122.593314  47.732699   0.000000