-123.264006  47.732699  19.354382
-123.264006  47.777616  21.245892
-123.264006  47.822532  14.988614
-123.264006  47.867448  17.579211
-123.264006  47.912364  16.028033
-123.264006  47.957280  18.228277
-123.264006  48.002196  16.184460
-123.264006  48.047112  14.240226
-123.264006  48.092028  14.580261
-123.264006  48.136944   0.000000
-123.264006  48.181861  31.949663
-123.196937  47.732699  21.664141
-123.196937  47.777616  19.982889
-123.196937  47.822532  12.851961
-123.196937  47.867448  13.752855
-123.196937  47.912364  10.865489
-123.196937  47.957280  15.371947
-123.196937  48.002196  12.191706
-123.196937  48.047112  17.325657
-123.196937  48.092028   0.000000
-123.196937  48.136944  13.913245
-123.196937  48.181861  19.197541
-123.129868  47.732699  18.534592
-123.129868  47.777616  15.188988
-123.129868  47.822532  12.464904
-123.129868  47.867448  15.616070
-123.129868  47.912364  14.850720
-123.129868  47.957280  14.607829
-123.129868  48.002196  12.608827
-123.129868  48.047112  14.027615
-123.129868  48.092028  10.766689
-123.129868  48.136944  10.061395
-123.129868  48.181861  10.222365
-123.062798  47.732699  18.911839
-123.062798  47.777616  12.527667
-123.062798  47.822532  18.130679
-123.062798  47.867448  14.158655
-123.062798  47.912364   9.310026
-123.062798  47.957280  11.624234
-123.062798  48.002196  13.650255
-123.062798  48.047112  12.796063
-123.062798  48.092028   6.134376
-123.062798  48.136944   6.911453
-123.062798  48.181861   9.398013
-122.995729  47.732699   8.917712
-122.995729  47.777616  18.471954
-122.995729  47.822532  14.758927
-122.995729  47.867448  11.231518
-122.995729  47.912364  13.182477
-122.995729  47.957280  12.085035
-122.995729  48.002196   8.489964
-122.995729  48.047112  13.678267
-122.995729  48.092028  13.794002
-122.995729  48.136944  10.760854
-122.995729  48.181861   6.436009
-122.928660  47.732699  11.306000
-122.928660  47.777616   9.637287
-122.928660  47.822532  10.049481
-122.928660  47.867448  11.631351
-122.928660  47.912364  10.938494
-122.928660  47.957280   9.529218
-122.928660  48.002196  12.225163
-122.928660  48.047112  12.170371
-122.928660  48.092028  14.831934
-122.928660  48.136944  10.878502
-122.928660  48.181861   5.076502
-122.861591  47.732699   0.000000
-122.861591  47.777616  13.135275
-122.861591  47.822532  13.681093
-122.861591  47.867448  11.592514
-122.861591  47.912364  11.469882
-122.861591  47.957280   2.341045
-122.861591  48.002196  12.531916
-122.861591  48.047112  10.640821
-122.861591  48.092028   7.703159
-122.861591  48.136944   9.699551
-122.861591  48.181861   2.136653
-122.794522  47.732699   1.000958
-122.794522  47.777616   7.036338
-122.794522  47.822532  10.454136
-122.794522  47.867448  14.983891
-122.794522  47.912364  13.915004
-122.794522  47.957280   0.000000
-122.794522  48.002196   0.000000
-122.794522  48.047112  11.034833
-122.794522  48.092028   8.125929
-122.794522  48.136944  16.846352
-122.794522  48.181861   0.000000
-122.727452  47.732699   0.000000
-122.727452  47.777616  12.330316
-122.727452  47.822532   4.366308
-122.727452  47.867448   3.853993
-122.727452  48.136944  15.857933
-122.660383  47.777616  10.176552
-122.660383  47.822532   3.176190
-122.593314  47.732699   0.000000