-123.264006  47.732699  18.511904
-123.264006  47.777616  15.653442
-123.264006  47.822532  12.769812
-123.264006  47.867448  15.025687
-123.264006  47.912364  18.328063
-123.264006  47.957280  12.650768
-123.264006  48.002196  17.606010
-123.264006  48.047112  15.058765
-123.264006  48.092028  14.672831
-123.264006  48.136944  17.332469
-123.264006  48.181861  27.416748
-123.196937  47.732699  17.020422
-123.196937  47.777616  14.405548
-123.196937  47.822532  14.298688
-123.196937  47.867448  19.257915
-123.196937  47.912364   9.844073
-123.196937  47.957280   9.483711
-123.196937  48.002196  12.188885
-123.196937  48.047112  13.887628
-123.196937  48.092028  15.414097
-123.196937  48.136944  12.817575
-123.196937  48.181861  17.287155
-123.129868  47.732699  21.096540
-123.129868  47.777616  17.893881
-123.129868  47.822532  14.286058
-123.129868  47.867448  15.817668
-123.129868  47.912364  16.022497
-123.129868  47.957280  13.575555
-123.129868  48.002196  11.063582
-123.129868  48.047112  14.400416
-123.129868  48.092028   6.490002
-123.129868  48.136944   8.574843
-123.129868  48.181861   7.388478
-123.062798  47.732699  16.584536
-123.062798  47.777616  14.531291
-123.062798  47.822532  15.805427
-123.062798  47.867448  10.687159
-123.062798  47.912364   7.725458
-123.062798  47.957280  11.537493
-123.062798  48.002196  11.792585
-123.062798  48.047112  12.967810
-123.062798  48.092028   6.641910
-123.062798  48.136944   4.915835
-123.062798  48.181861   9.719746
-122.995729  47.732699  17.325029
-122.995729  47.777616  15.622964
-122.995729  47.822532  17.509032
-122.995729  47.867448  12.002425
-122.995729  47.912364   9.404062
-122.995729  47.957280   6.800926
-122.995729  48.002196   8.449763
-122.995729  48.047112  11.988228
-122.995729  48.092028  10.732726
-122.995729  48.136944   9.170947
-122.995729  48.181861   9.114633
-122.928660  47.732699   9.231213
-122.928660  47.777616   7.870766
-122.928660  47.822532  12.125870
-122.928660  47.867448   6.315890
-122.928660  47.912364  10.228519
-122.928660  47.957280  10.336503
-122.928660  48.002196  10.704847
-122.928660  48.047112   9.765111
-122.928660  48.092028  11.211273
-122.928660  48.136944   7.655135
-122.928660  48.181861   2.722404
-122.861591  47.732699  14.088515
-122.861591  47.777616   9.279259
-122.861591  47.822532  12.391386
-122.861591  47.867448  10.733631
-122.861591  47.912364  10.779479
-122.861591  47.957280   2.453677
-122.861591  48.002196  10.195075
-122.861591  48.047112   9.794651
-122.861591  48.092028   3.691166
-122.861591  48.136944   3.850411
-122.861591  48.181861   2.445552
-122.794522  47.732699   7.647536
-122.794522  47.777616   7.177445
-122.794522  47.822532  14.317666
-122.794522  47.867448  12.424018
-122.794522  47.912364   6.121986
-122.794522  47.957280   0.000000
-122.794522  48.002196   0.000000
-122.794522  48.047112  13.910114
-122.794522  48.092028   5.657795
-122.794522  48.136944  15.096252
-122.794522  48.181861   0.000000
-122.727452  47.732699   6.847438
-122.727452  47.777616   2.834431
-122.727452  47.822532   6.571064
-122.727452  47.867448   0.000000
-122.727452  48.136944   6.679742
-122.660383  47.777616  16.800766
-122.660383  47.822532  21.632293
-122.593314  47.732699   0.683303