-1.228299999784036629e+02 4.809000000359770866e+01
-1.229199999784036663e+02 4.808000000359770354e+01
-1.228999999784036561e+02 4.794000000359770297e+01
-1.232399999784036595e+02 4.770000000359770809e+01
-1.229499999784036532e+02 4.777000000359770837e+01
-1.231899999784036623e+02 4.777000000359770837e+01
-1.228899999784036652e+02 4.791000000359770894e+01
-1.232099999784036584e+02 4.778000000359770638e+01
-1.229799999784036544e+02 4.794000000359770297e+01
-1.229975589999999954e+02 4.791572699999999685e+01
-1.229943360000000041e+02 4.791385100000000108e+01
-1.226399999784036652e+02 4.789000000359770581e+01
-1.232037600000000026e+02 4.793848100000000301e+01
-1.229899999784036595e+02 4.795000000359770809e+01
-1.229799999784036544e+02 4.794000000359770297e+01
-1.229499999784036532e+02 4.801000000359770326e+01
-1.228899999784036652e+02 4.800000000359770524e+01
-1.233499999784036589e+02 4.821000000359770610e+01
-1.229429930000000013e+02 4.792354699999999923e+01
-1.229678550000000001e+02 4.791745999999999839e+01
-1.229879070000000070e+02 4.789626899999999665e+01
-1.229690590000000014e+02 4.798274700000000337e+01
-1.232444090000000045e+02 4.793142100000000028e+01
-1.229291259999999966e+02 4.801527899999999960e+01
-1.232540359999999993e+02 4.795810099999999920e+01
-1.231963700000000017e+02 4.799261899999999770e+01
-1.231745439999999974e+02 4.802348200000000134e+01
-1.231903480000000002e+02 4.800617299999999688e+01
-1.233999999784036703e+02 4.795000000359770809e+01
-1.229921789999999930e+02 4.803511100000000056e+01
-1.232765219999999999e+02 4.801750899999999689e+01
-1.229331789999999955e+02 4.805463499999999755e+01
-1.232156169999999946e+02 4.798483099999999979e+01
-1.230011230000000069e+02 4.791368400000000349e+01
-1.231578039999999987e+02 4.810874799999999851e+01
-1.229499999784036532e+02 4.829000000359770439e+01
-1.231211019999999934e+02 4.813885499999999951e+01
-1.230199999784036606e+02 4.830000000359770951e+01
-1.231461589999999973e+02 4.811612099999999970e+01
-1.231532229999999970e+02 4.810959499999999878e+01
-1.231355389999999943e+02 4.816210499999999683e+01
-1.231587650000000025e+02 4.816783900000000074e+01
-1.231375160000000051e+02 4.811641800000000302e+01
-1.230848139999999944e+02 4.814991899999999703e+01
-1.231199710000000067e+02 4.813898100000000113e+01
-1.229999999784036646e+02 4.796000000359770610e+01
-1.229999999784036646e+02 4.796000000359770610e+01
-1.229999999784036646e+02 4.790000000359770382e+01
-1.230199999784036606e+02 4.795000000359770809e+01
-1.229799999784036544e+02 4.794000000359770297e+01
-1.229199999784036663e+02 4.798000000359770922e+01
-1.232799999784036658e+02 4.773000000359770922e+01
-1.230099999784036697e+02 4.794000000359770297e+01
-1.230199999784036606e+02 4.804000000359770439e+01
-1.233999999784036703e+02 4.821000000359770610e+01
-1.229299999784036572e+02 4.800000000359770524e+01
-1.232499999784036646e+02 4.802000000359770837e+01
-1.228799999784036601e+02 4.801000000359770326e+01
-1.229499999784036532e+02 4.794000000359770297e+01
-1.229199999784036663e+02 4.799000000359770723e+01
-1.229599999784036584e+02 4.795000000359770809e+01
-1.229299999784036572e+02 4.796000000359770610e+01
-1.229699999784036635e+02 4.794000000359770297e+01
-1.228899999784036652e+02 4.796000000359770610e+01
-1.229299999784036572e+02 4.827000000359770837e+01
-1.226299999784036601e+02 4.789000000359770581e+01
-1.226799999784036572e+02 4.787000000359770269e+01
-1.228799999784036601e+02 4.799000000359770723e+01
-1.228899999784036652e+02 4.810000000359770667e+01
