-9.956059999999999377e+01 1.846969999999999956e+01
-9.938379999999999370e+01 1.842930000000000135e+01
-9.943429999999999325e+01 1.844950000000000045e+01
-9.935859999999999559e+01 1.830809999999999960e+01
-9.913129999999999598e+01 1.832829999999999870e+01
-9.918179999999999552e+01 1.836870000000000047e+01
-9.910609999999999786e+01 1.820710000000000051e+01
-9.918179999999999552e+01 1.820710000000000051e+01
-9.958589999999999520e+01 1.818690000000000140e+01
-9.956059999999999377e+01 1.842930000000000135e+01
-9.956059999999999377e+01 1.826770000000000138e+01
-9.963639999999999475e+01 1.842930000000000135e+01
-9.961109999999999332e+01 1.830809999999999960e+01
-9.961109999999999332e+01 1.834850000000000136e+01
-9.976260000000000616e+01 1.838889999999999958e+01
-9.920709999999999695e+01 1.820710000000000051e+01
-9.915659999999999741e+01 1.826770000000000138e+01
-9.910609999999999786e+01 1.830809999999999960e+01
-9.915659999999999741e+01 1.832829999999999870e+01
-9.925759999999999650e+01 1.826770000000000138e+01
-9.930809999999999604e+01 1.818690000000000140e+01
-9.923229999999999507e+01 1.798479999999999990e+01
-9.930809999999999604e+01 1.824749999999999872e+01
-9.925759999999999650e+01 1.806569999999999965e+01
-9.925759999999999650e+01 1.816669999999999874e+01
-9.930809999999999604e+01 1.820710000000000051e+01
-9.935859999999999559e+01 1.818690000000000140e+01
-9.951009999999999422e+01 1.832829999999999870e+01
-9.935859999999999559e+01 1.818690000000000140e+01
-9.951009999999999422e+01 1.828790000000000049e+01
-9.925759999999999650e+01 1.812630000000000052e+01
-9.956059999999999377e+01 1.816669999999999874e+01
-9.953539999999999566e+01 1.846969999999999956e+01
-9.920709999999999695e+01 1.824749999999999872e+01
-9.925759999999999650e+01 1.800509999999999877e+01
-9.928279999999999461e+01 1.806569999999999965e+01
-9.933329999999999416e+01 1.816669999999999874e+01
-9.935859999999999559e+01 1.820710000000000051e+01
-9.928279999999999461e+01 1.814649999999999963e+01
-9.925759999999999650e+01 1.812630000000000052e+01
-9.910609999999999786e+01 1.828790000000000049e+01
-9.913129999999999598e+01 1.832829999999999870e+01
-9.958589999999999520e+01 1.800509999999999877e+01
-9.930809999999999604e+01 1.812630000000000052e+01
-9.938379999999999370e+01 1.816669999999999874e+01
-9.935859999999999559e+01 1.804550000000000054e+01
-9.930809999999999604e+01 1.804550000000000054e+01
-9.928279999999999461e+01 1.804550000000000054e+01
-9.961109999999999332e+01 1.808589999999999876e+01
-9.920709999999999695e+01 1.824749999999999872e+01
-9.933329999999999416e+01 1.810610000000000142e+01
-9.918179999999999552e+01 1.820710000000000051e+01
-9.940909999999999513e+01 1.804550000000000054e+01
-9.948480000000000700e+01 1.824749999999999872e+01
-9.925759999999999650e+01 1.812630000000000052e+01
-9.993940000000000623e+01 1.842930000000000135e+01
-9.968689999999999429e+01 1.842930000000000135e+01
-9.966160000000000707e+01 1.832829999999999870e+01
-1.005455000000000041e+02 1.758079999999999998e+01
-9.963639999999999475e+01 1.828790000000000049e+01
-9.958589999999999520e+01 1.828790000000000049e+01
-1.001162000000000063e+02 1.822729999999999961e+01
-9.961109999999999332e+01 1.822729999999999961e+01
-9.998990000000000578e+01 1.863129999999999953e+01
-9.953539999999999566e+01 1.836870000000000047e+01
-9.956059999999999377e+01 1.830809999999999960e+01
-9.986360000000000525e+01 1.820710000000000051e+01
-9.958589999999999520e+01 1.814649999999999963e+01
-9.958589999999999520e+01 1.816669999999999874e+01
-9.996460000000000434e+01 1.834850000000000136e+01
-9.978789999999999338e+01 1.820710000000000051e+01
-9.968689999999999429e+01 1.820710000000000051e+01
-9.966160000000000707e+01 1.826770000000000138e+01
-9.956059999999999377e+01 1.824749999999999872e+01
-9.940909999999999513e+01 1.816669999999999874e+01
-9.976260000000000616e+01 1.800509999999999877e+01
-9.973739999999999384e+01 1.822729999999999961e+01
-9.968689999999999429e+01 1.822729999999999961e+01
-9.973739999999999384e+01 1.838889999999999958e+01
-9.971210000000000662e+01 1.838889999999999958e+01
-9.935859999999999559e+01 1.818690000000000140e+01
-9.943429999999999325e+01 1.816669999999999874e+01
-9.940909999999999513e+01 1.816669999999999874e+01
-9.958589999999999520e+01 1.826770000000000138e+01
-9.973739999999999384e+01 1.814649999999999963e+01
-9.956059999999999377e+01 1.842930000000000135e+01
-9.938379999999999370e+01 1.808589999999999876e+01
-9.951009999999999422e+01 1.820710000000000051e+01
-9.966160000000000707e+01 1.818690000000000140e+01
-9.930809999999999604e+01 1.812630000000000052e+01
-9.956059999999999377e+01 1.826770000000000138e+01
-9.961109999999999332e+01 1.820710000000000051e+01
-9.958589999999999520e+01 1.824749999999999872e+01
-9.930809999999999604e+01 1.808589999999999876e+01
-9.966160000000000707e+01 1.810610000000000142e+01
-9.938379999999999370e+01 1.808589999999999876e+01
-9.958589999999999520e+01 1.814649999999999963e+01
-9.986360000000000525e+01 1.846969999999999956e+01
-9.971210000000000662e+01 1.808589999999999876e+01
-9.928279999999999461e+01 1.822729999999999961e+01
-9.933329999999999416e+01 1.822729999999999961e+01
-9.973739999999999384e+01 1.848989999999999867e+01
-9.948480000000000700e+01 1.826770000000000138e+01
-9.938379999999999370e+01 1.810610000000000142e+01
-9.938379999999999370e+01 1.816669999999999874e+01
-9.933329999999999416e+01 1.818690000000000140e+01
-9.925759999999999650e+01 1.826770000000000138e+01
-9.930809999999999604e+01 1.824749999999999872e+01
-9.963639999999999475e+01 1.826770000000000138e+01
-9.925759999999999650e+01 1.826770000000000138e+01
-9.913129999999999598e+01 1.830809999999999960e+01
-9.958589999999999520e+01 1.818690000000000140e+01
-9.966160000000000707e+01 1.812630000000000052e+01
-9.913129999999999598e+01 1.832829999999999870e+01
-9.986360000000000525e+01 1.826770000000000138e+01
-9.953539999999999566e+01 1.834850000000000136e+01
-9.910609999999999786e+01 1.824749999999999872e+01
-9.953539999999999566e+01 1.842930000000000135e+01
-9.928279999999999461e+01 1.818690000000000140e+01
-9.938379999999999370e+01 1.840909999999999869e+01
-9.976260000000000616e+01 1.848989999999999867e+01
-9.971210000000000662e+01 1.770200000000000173e+01
-9.986360000000000525e+01 1.770200000000000173e+01
-9.983839999999999293e+01 1.798479999999999990e+01
-9.966160000000000707e+01 1.836870000000000047e+01
-9.943429999999999325e+01 1.808589999999999876e+01
-9.951009999999999422e+01 1.826770000000000138e+01
-9.961109999999999332e+01 1.822729999999999961e+01
-9.963639999999999475e+01 1.826770000000000138e+01
-9.976260000000000616e+01 1.754040000000000177e+01
-9.968689999999999429e+01 1.816669999999999874e+01
-9.983839999999999293e+01 1.782319999999999993e+01
-9.961109999999999332e+01 1.768179999999999907e+01
-9.925759999999999650e+01 1.812630000000000052e+01
-9.971210000000000662e+01 1.764140000000000086e+01
-9.966160000000000707e+01 1.768179999999999907e+01
-9.983839999999999293e+01 1.830809999999999960e+01
-1.000151999999999930e+02 1.834850000000000136e+01
-9.998990000000000578e+01 1.830809999999999960e+01
-9.978789999999999338e+01 1.826770000000000138e+01
-9.920709999999999695e+01 1.820710000000000051e+01
-9.981310000000000571e+01 1.846969999999999956e+01
-9.948480000000000700e+01 1.846969999999999956e+01
-9.976260000000000616e+01 1.848989999999999867e+01
-9.973739999999999384e+01 1.824749999999999872e+01
-9.973739999999999384e+01 1.822729999999999961e+01
-9.986360000000000525e+01 1.844950000000000045e+01
-9.983839999999999293e+01 1.846969999999999956e+01
-1.000151999999999930e+02 1.836870000000000047e+01
-9.920709999999999695e+01 1.832829999999999870e+01
-9.910609999999999786e+01 1.826770000000000138e+01
-9.996460000000000434e+01 1.832829999999999870e+01
-9.945959999999999468e+01 1.824749999999999872e+01
-9.971210000000000662e+01 1.842930000000000135e+01
-9.956059999999999377e+01 1.836870000000000047e+01
-9.961109999999999332e+01 1.844950000000000045e+01
-9.953539999999999566e+01 1.842930000000000135e+01
-9.948480000000000700e+01 1.816669999999999874e+01
-9.983839999999999293e+01 1.844950000000000045e+01
-1.000151999999999930e+02 1.851010000000000133e+01
-9.981310000000000571e+01 1.822729999999999961e+01
-9.976260000000000616e+01 1.760099999999999909e+01
-9.923229999999999507e+01 1.830809999999999960e+01
-1.000657000000000068e+02 1.840909999999999869e+01
-1.001919000000000040e+02 1.838889999999999958e+01
-1.000909000000000049e+02 1.812630000000000052e+01
-1.004192000000000036e+02 1.838889999999999958e+01
-9.973739999999999384e+01 1.824749999999999872e+01
-1.001919000000000040e+02 1.834850000000000136e+01
-9.948480000000000700e+01 1.844950000000000045e+01
-9.940909999999999513e+01 1.820710000000000051e+01
-9.963639999999999475e+01 1.812630000000000052e+01
-1.000151999999999930e+02 1.830809999999999960e+01
-9.993940000000000623e+01 1.822729999999999961e+01
-9.996460000000000434e+01 1.840909999999999869e+01
-9.923229999999999507e+01 1.806569999999999965e+01
-9.963639999999999475e+01 1.836870000000000047e+01
-9.958589999999999520e+01 1.816669999999999874e+01
-9.971210000000000662e+01 1.830809999999999960e+01
-9.940909999999999513e+01 1.842930000000000135e+01
-9.953539999999999566e+01 1.838889999999999958e+01
-9.953539999999999566e+01 1.842930000000000135e+01
-9.890399999999999636e+01 1.766159999999999997e+01
-9.948480000000000700e+01 1.812630000000000052e+01
-9.938379999999999370e+01 1.840909999999999869e+01
-9.998990000000000578e+01 1.834850000000000136e+01
-9.953539999999999566e+01 1.832829999999999870e+01
-9.953539999999999566e+01 1.836870000000000047e+01
-9.951009999999999422e+01 1.844950000000000045e+01
-9.948480000000000700e+01 1.844950000000000045e+01
-9.913129999999999598e+01 1.832829999999999870e+01
-9.913129999999999598e+01 1.832829999999999870e+01
-9.940909999999999513e+01 1.828790000000000049e+01
-9.971210000000000662e+01 1.836870000000000047e+01
-9.953539999999999566e+01 1.842930000000000135e+01
-9.953539999999999566e+01 1.838889999999999958e+01
-9.991410000000000480e+01 1.836870000000000047e+01
-9.923229999999999507e+01 1.832829999999999870e+01
-9.928279999999999461e+01 1.814649999999999963e+01
-9.910609999999999786e+01 1.830809999999999960e+01
-9.928279999999999461e+01 1.814649999999999963e+01
-9.908079999999999643e+01 1.830809999999999960e+01
-9.948480000000000700e+01 1.832829999999999870e+01
-9.920709999999999695e+01 1.826770000000000138e+01
-9.928279999999999461e+01 1.828790000000000049e+01
-9.930809999999999604e+01 1.828790000000000049e+01
-9.953539999999999566e+01 1.818690000000000140e+01
-9.920709999999999695e+01 1.824749999999999872e+01
-9.905559999999999832e+01 1.802530000000000143e+01
-9.930809999999999604e+01 1.818690000000000140e+01
-9.920709999999999695e+01 1.816669999999999874e+01
-9.923229999999999507e+01 1.832829999999999870e+01
-9.930809999999999604e+01 1.808589999999999876e+01
-9.920709999999999695e+01 1.820710000000000051e+01
-9.913129999999999598e+01 1.830809999999999960e+01
-9.948480000000000700e+01 1.830809999999999960e+01
-9.956059999999999377e+01 1.820710000000000051e+01
-9.933329999999999416e+01 1.820710000000000051e+01
-9.925759999999999650e+01 1.818690000000000140e+01
-9.956059999999999377e+01 1.826770000000000138e+01
-9.887879999999999825e+01 1.812630000000000052e+01
-9.938379999999999370e+01 1.816669999999999874e+01
-9.933329999999999416e+01 1.816669999999999874e+01
-9.928279999999999461e+01 1.816669999999999874e+01
-9.933329999999999416e+01 1.818690000000000140e+01
-9.958589999999999520e+01 1.820710000000000051e+01
-9.910609999999999786e+01 1.824749999999999872e+01
-9.920709999999999695e+01 1.820710000000000051e+01
-9.971210000000000662e+01 1.814649999999999963e+01
-9.951009999999999422e+01 1.840909999999999869e+01
-9.958589999999999520e+01 1.840909999999999869e+01
-9.956059999999999377e+01 1.838889999999999958e+01
-9.951009999999999422e+01 1.836870000000000047e+01
-9.958589999999999520e+01 1.836870000000000047e+01
-9.973739999999999384e+01 1.844950000000000045e+01
-9.956059999999999377e+01 1.840909999999999869e+01
-9.958589999999999520e+01 1.820710000000000051e+01
-9.956059999999999377e+01 1.824749999999999872e+01
-9.961109999999999332e+01 1.838889999999999958e+01
-9.961109999999999332e+01 1.818690000000000140e+01
-9.958589999999999520e+01 1.826770000000000138e+01
-9.948480000000000700e+01 1.836870000000000047e+01
-9.956059999999999377e+01 1.838889999999999958e+01
-9.956059999999999377e+01 1.822729999999999961e+01
-9.958589999999999520e+01 1.834850000000000136e+01
-9.963639999999999475e+01 1.816669999999999874e+01
-9.956059999999999377e+01 1.840909999999999869e+01
-9.983839999999999293e+01 1.824749999999999872e+01
-9.966160000000000707e+01 1.802530000000000143e+01
-9.966160000000000707e+01 1.814649999999999963e+01
-9.961109999999999332e+01 1.802530000000000143e+01
-9.973739999999999384e+01 1.820710000000000051e+01
-9.958589999999999520e+01 1.826770000000000138e+01
-9.961109999999999332e+01 1.810610000000000142e+01
-9.966160000000000707e+01 1.812630000000000052e+01
-9.963639999999999475e+01 1.808589999999999876e+01
-9.973739999999999384e+01 1.818690000000000140e+01
-9.968689999999999429e+01 1.832829999999999870e+01
-9.966160000000000707e+01 1.826770000000000138e+01
-9.966160000000000707e+01 1.822729999999999961e+01
-9.976260000000000616e+01 1.842930000000000135e+01
-9.973739999999999384e+01 1.842930000000000135e+01
-9.940909999999999513e+01 1.840909999999999869e+01
-9.978789999999999338e+01 1.842930000000000135e+01
-1.005707000000000022e+02 1.950000000000000000e+01
-9.976260000000000616e+01 1.834850000000000136e+01
-9.978789999999999338e+01 1.846969999999999956e+01
-9.983839999999999293e+01 1.844950000000000045e+01
-9.986360000000000525e+01 1.846969999999999956e+01
-9.958589999999999520e+01 1.844950000000000045e+01
-1.001414000000000044e+02 1.830809999999999960e+01
-9.966160000000000707e+01 1.806569999999999965e+01
-9.953539999999999566e+01 1.828790000000000049e+01
-9.953539999999999566e+01 1.838889999999999958e+01
-9.981310000000000571e+01 1.844950000000000045e+01
-9.978789999999999338e+01 1.832829999999999870e+01
-9.973739999999999384e+01 1.842930000000000135e+01
-9.966160000000000707e+01 1.822729999999999961e+01
-9.976260000000000616e+01 1.838889999999999958e+01
-9.996460000000000434e+01 1.826770000000000138e+01
-9.948480000000000700e+01 1.830809999999999960e+01
-9.983839999999999293e+01 1.834850000000000136e+01
-9.968689999999999429e+01 1.798479999999999990e+01
-9.988890000000000668e+01 1.826770000000000138e+01
-9.963639999999999475e+01 1.816669999999999874e+01
-9.961109999999999332e+01 1.798479999999999990e+01
-9.953539999999999566e+01 1.806569999999999965e+01
-9.961109999999999332e+01 1.806569999999999965e+01
-9.953539999999999566e+01 1.820710000000000051e+01
-9.988890000000000668e+01 1.828790000000000049e+01
-9.956059999999999377e+01 1.826770000000000138e+01
-9.968689999999999429e+01 1.816669999999999874e+01
-9.951009999999999422e+01 1.810610000000000142e+01
-9.953539999999999566e+01 1.844950000000000045e+01
-9.915659999999999741e+01 1.832829999999999870e+01
-9.938379999999999370e+01 1.838889999999999958e+01
-9.928279999999999461e+01 1.828790000000000049e+01
-9.940909999999999513e+01 1.842930000000000135e+01
-9.940909999999999513e+01 1.840909999999999869e+01
-9.953539999999999566e+01 1.840909999999999869e+01
-9.935859999999999559e+01 1.836870000000000047e+01
-9.923229999999999507e+01 1.824749999999999872e+01
-9.913129999999999598e+01 1.830809999999999960e+01
-9.910609999999999786e+01 1.824749999999999872e+01
-9.923229999999999507e+01 1.826770000000000138e+01
-9.913129999999999598e+01 1.824749999999999872e+01
-9.930809999999999604e+01 1.828790000000000049e+01
-9.923229999999999507e+01 1.832829999999999870e+01
-9.920709999999999695e+01 1.820710000000000051e+01
-9.910609999999999786e+01 1.822729999999999961e+01
-9.956059999999999377e+01 1.836870000000000047e+01
-9.976260000000000616e+01 1.834850000000000136e+01
-9.981310000000000571e+01 1.834850000000000136e+01
-9.948480000000000700e+01 1.820710000000000051e+01
-9.988890000000000668e+01 1.836870000000000047e+01
-1.001162000000000063e+02 1.830809999999999960e+01
-9.983839999999999293e+01 1.830809999999999960e+01
-9.978789999999999338e+01 1.822729999999999961e+01
-9.983839999999999293e+01 1.848989999999999867e+01
-9.930809999999999604e+01 1.816669999999999874e+01
-9.951009999999999422e+01 1.820710000000000051e+01
-9.976260000000000616e+01 1.824749999999999872e+01
-9.943429999999999325e+01 1.818690000000000140e+01
-9.963639999999999475e+01 1.838889999999999958e+01
-9.971210000000000662e+01 1.836870000000000047e+01
-9.961109999999999332e+01 1.834850000000000136e+01
-9.978789999999999338e+01 1.840909999999999869e+01
-9.966160000000000707e+01 1.832829999999999870e+01
-9.966160000000000707e+01 1.834850000000000136e+01
-9.986360000000000525e+01 1.824749999999999872e+01
-9.976260000000000616e+01 1.840909999999999869e+01
-9.981310000000000571e+01 1.832829999999999870e+01
-9.996460000000000434e+01 1.838889999999999958e+01
-9.958589999999999520e+01 1.828790000000000049e+01
-9.963639999999999475e+01 1.830809999999999960e+01
-9.968689999999999429e+01 1.818690000000000140e+01
-9.953539999999999566e+01 1.834850000000000136e+01
-9.973739999999999384e+01 1.842930000000000135e+01
-9.983839999999999293e+01 1.830809999999999960e+01
-9.973739999999999384e+01 1.814649999999999963e+01
-9.966160000000000707e+01 1.846969999999999956e+01
-9.983839999999999293e+01 1.844950000000000045e+01
-9.973739999999999384e+01 1.806569999999999965e+01
-9.976260000000000616e+01 1.832829999999999870e+01
-9.961109999999999332e+01 1.822729999999999961e+01
-9.951009999999999422e+01 1.832829999999999870e+01
-9.940909999999999513e+01 1.838889999999999958e+01
-9.968689999999999429e+01 1.812630000000000052e+01
-9.973739999999999384e+01 1.814649999999999963e+01
-9.973739999999999384e+01 1.834850000000000136e+01
-9.976260000000000616e+01 1.826770000000000138e+01
-9.978789999999999338e+01 1.840909999999999869e+01
-9.993940000000000623e+01 1.838889999999999958e+01
-9.958589999999999520e+01 1.808589999999999876e+01
-9.966160000000000707e+01 1.834850000000000136e+01
-9.976260000000000616e+01 1.832829999999999870e+01
-9.991410000000000480e+01 1.836870000000000047e+01
-9.948480000000000700e+01 1.832829999999999870e+01
-9.920709999999999695e+01 1.824749999999999872e+01
-9.930809999999999604e+01 1.824749999999999872e+01
-9.935859999999999559e+01 1.818690000000000140e+01
-9.923229999999999507e+01 1.832829999999999870e+01
-9.910609999999999786e+01 1.830809999999999960e+01
-9.910609999999999786e+01 1.820710000000000051e+01
-9.935859999999999559e+01 1.816669999999999874e+01
-9.925759999999999650e+01 1.814649999999999963e+01
-9.920709999999999695e+01 1.832829999999999870e+01
-9.928279999999999461e+01 1.816669999999999874e+01
-9.915659999999999741e+01 1.826770000000000138e+01
-9.938379999999999370e+01 1.816669999999999874e+01
-9.920709999999999695e+01 1.824749999999999872e+01
-9.958589999999999520e+01 1.802530000000000143e+01
-9.928279999999999461e+01 1.808589999999999876e+01
-9.956059999999999377e+01 1.816669999999999874e+01
-9.943429999999999325e+01 1.844950000000000045e+01
-9.951009999999999422e+01 1.834850000000000136e+01
-9.925759999999999650e+01 1.828790000000000049e+01
-9.918179999999999552e+01 1.826770000000000138e+01
-9.993940000000000623e+01 1.804550000000000054e+01
-9.940909999999999513e+01 1.816669999999999874e+01
-9.933329999999999416e+01 1.804550000000000054e+01
-9.940909999999999513e+01 1.812630000000000052e+01
-9.930809999999999604e+01 1.812630000000000052e+01
-9.943429999999999325e+01 1.826770000000000138e+01
-9.973739999999999384e+01 1.838889999999999958e+01
-9.958589999999999520e+01 1.836870000000000047e+01
-9.976260000000000616e+01 1.838889999999999958e+01
-9.945959999999999468e+01 1.818690000000000140e+01
-9.961109999999999332e+01 1.820710000000000051e+01
-9.976260000000000616e+01 1.832829999999999870e+01
-9.958589999999999520e+01 1.826770000000000138e+01
-9.961109999999999332e+01 1.814649999999999963e+01
-9.956059999999999377e+01 1.832829999999999870e+01
-9.958589999999999520e+01 1.828790000000000049e+01
-9.935859999999999559e+01 1.808589999999999876e+01
-9.933329999999999416e+01 1.814649999999999963e+01
-9.958589999999999520e+01 1.822729999999999961e+01
-9.940909999999999513e+01 1.814649999999999963e+01
-9.958589999999999520e+01 1.818690000000000140e+01
-9.993940000000000623e+01 1.848989999999999867e+01
-9.973739999999999384e+01 1.822729999999999961e+01
-9.940909999999999513e+01 1.818690000000000140e+01
-9.961109999999999332e+01 1.822729999999999961e+01
-9.961109999999999332e+01 1.820710000000000051e+01
-9.953539999999999566e+01 1.826770000000000138e+01
-1.000404000000000053e+02 1.848989999999999867e+01
-9.928279999999999461e+01 1.810610000000000142e+01
-9.935859999999999559e+01 1.810610000000000142e+01
-9.956059999999999377e+01 1.812630000000000052e+01
-9.976260000000000616e+01 1.816669999999999874e+01
-9.958589999999999520e+01 1.836870000000000047e+01
-9.993940000000000623e+01 1.782319999999999993e+01
-9.983839999999999293e+01 1.844950000000000045e+01
-9.983839999999999293e+01 1.836870000000000047e+01
-9.951009999999999422e+01 1.824749999999999872e+01
-9.996460000000000434e+01 1.820710000000000051e+01
-9.988890000000000668e+01 1.846969999999999956e+01
-9.943429999999999325e+01 1.812630000000000052e+01
-1.000404000000000053e+02 1.834850000000000136e+01
-1.000151999999999930e+02 1.830809999999999960e+01
-9.996460000000000434e+01 1.832829999999999870e+01
-9.976260000000000616e+01 1.848989999999999867e+01
-9.933329999999999416e+01 1.834850000000000136e+01
-9.938379999999999370e+01 1.840909999999999869e+01
-9.945959999999999468e+01 1.844950000000000045e+01
-9.920709999999999695e+01 1.834850000000000136e+01
-9.966160000000000707e+01 1.840909999999999869e+01
-9.920709999999999695e+01 1.830809999999999960e+01
-9.961109999999999332e+01 1.834850000000000136e+01
-9.940909999999999513e+01 1.818690000000000140e+01
-9.943429999999999325e+01 1.842930000000000135e+01
-9.945959999999999468e+01 1.816669999999999874e+01
-9.928279999999999461e+01 1.816669999999999874e+01
-9.948480000000000700e+01 1.842930000000000135e+01
-9.940909999999999513e+01 1.836870000000000047e+01
-9.973739999999999384e+01 1.834850000000000136e+01
-9.981310000000000571e+01 1.851010000000000133e+01
-9.920709999999999695e+01 1.822729999999999961e+01
-9.925759999999999650e+01 1.826770000000000138e+01
-9.938379999999999370e+01 1.828790000000000049e+01
-9.925759999999999650e+01 1.832829999999999870e+01
-9.923229999999999507e+01 1.822729999999999961e+01
-9.920709999999999695e+01 1.826770000000000138e+01
-9.943429999999999325e+01 1.834850000000000136e+01
-9.956059999999999377e+01 1.842930000000000135e+01
-9.961109999999999332e+01 1.840909999999999869e+01
-9.951009999999999422e+01 1.840909999999999869e+01
-9.968689999999999429e+01 1.844950000000000045e+01
-9.925759999999999650e+01 1.826770000000000138e+01
-9.966160000000000707e+01 1.822729999999999961e+01
-9.968689999999999429e+01 1.824749999999999872e+01
-9.978789999999999338e+01 1.828790000000000049e+01
-1.000151999999999930e+02 1.838889999999999958e+01
-9.951009999999999422e+01 1.838889999999999958e+01
-1.009746999999999986e+02 1.903539999999999921e+01
-9.976260000000000616e+01 1.824749999999999872e+01
-9.935859999999999559e+01 1.816669999999999874e+01
-9.993940000000000623e+01 1.818690000000000140e+01
-1.004949000000000012e+02 1.806569999999999965e+01
-9.976260000000000616e+01 1.828790000000000049e+01
-9.981310000000000571e+01 1.842930000000000135e+01
-9.973739999999999384e+01 1.840909999999999869e+01
-9.920709999999999695e+01 1.816669999999999874e+01
-9.948480000000000700e+01 1.834850000000000136e+01
-9.913129999999999598e+01 1.824749999999999872e+01
-9.918179999999999552e+01 1.824749999999999872e+01
-9.923229999999999507e+01 1.826770000000000138e+01
-9.923229999999999507e+01 1.818690000000000140e+01
-9.923229999999999507e+01 1.826770000000000138e+01
-9.940909999999999513e+01 1.816669999999999874e+01
-9.930809999999999604e+01 1.824749999999999872e+01
-9.928279999999999461e+01 1.814649999999999963e+01
-9.918179999999999552e+01 1.826770000000000138e+01
-9.910609999999999786e+01 1.812630000000000052e+01
-9.930809999999999604e+01 1.822729999999999961e+01
-9.925759999999999650e+01 1.840909999999999869e+01
-9.928279999999999461e+01 1.832829999999999870e+01
-9.913129999999999598e+01 1.824749999999999872e+01
-9.933329999999999416e+01 1.824749999999999872e+01
-9.953539999999999566e+01 1.832829999999999870e+01
-9.963639999999999475e+01 1.820710000000000051e+01
-9.938379999999999370e+01 1.842930000000000135e+01
-9.951009999999999422e+01 1.842930000000000135e+01
-9.913129999999999598e+01 1.834850000000000136e+01
-9.953539999999999566e+01 1.838889999999999958e+01
-9.943429999999999325e+01 1.832829999999999870e+01
-9.933329999999999416e+01 1.808589999999999876e+01
-9.925759999999999650e+01 1.834850000000000136e+01
-9.938379999999999370e+01 1.834850000000000136e+01
-9.958589999999999520e+01 1.834850000000000136e+01
-9.935859999999999559e+01 1.834850000000000136e+01
-9.933329999999999416e+01 1.824749999999999872e+01
-9.953539999999999566e+01 1.842930000000000135e+01
-9.956059999999999377e+01 1.816669999999999874e+01
-9.951009999999999422e+01 1.820710000000000051e+01
-9.920709999999999695e+01 1.820710000000000051e+01
-9.933329999999999416e+01 1.826770000000000138e+01
-9.920709999999999695e+01 1.820710000000000051e+01
-9.938379999999999370e+01 1.814649999999999963e+01
-9.938379999999999370e+01 1.824749999999999872e+01
-9.973739999999999384e+01 1.836870000000000047e+01
-9.956059999999999377e+01 1.836870000000000047e+01
-9.973739999999999384e+01 1.840909999999999869e+01
-9.981310000000000571e+01 1.826770000000000138e+01
-9.973739999999999384e+01 1.840909999999999869e+01
-9.956059999999999377e+01 1.826770000000000138e+01
-9.991410000000000480e+01 1.855049999999999955e+01
-9.978789999999999338e+01 1.828790000000000049e+01
-9.956059999999999377e+01 1.824749999999999872e+01
-9.935859999999999559e+01 1.838889999999999958e+01
-9.956059999999999377e+01 1.834850000000000136e+01
-9.958589999999999520e+01 1.838889999999999958e+01
-9.988890000000000668e+01 1.838889999999999958e+01
-9.973739999999999384e+01 1.842930000000000135e+01
-9.951009999999999422e+01 1.840909999999999869e+01
-9.945959999999999468e+01 1.830809999999999960e+01
-9.976260000000000616e+01 1.832829999999999870e+01
-9.963639999999999475e+01 1.834850000000000136e+01
-9.956059999999999377e+01 1.840909999999999869e+01
-1.000151999999999930e+02 1.851010000000000133e+01
-9.953539999999999566e+01 1.851010000000000133e+01
-9.966160000000000707e+01 1.836870000000000047e+01
-9.986360000000000525e+01 1.838889999999999958e+01
-9.981310000000000571e+01 1.836870000000000047e+01
-9.978789999999999338e+01 1.851010000000000133e+01
-9.983839999999999293e+01 1.842930000000000135e+01
-9.996460000000000434e+01 1.840909999999999869e+01
-9.935859999999999559e+01 1.814649999999999963e+01
-9.923229999999999507e+01 1.794440000000000168e+01
-9.963639999999999475e+01 1.822729999999999961e+01
-9.991410000000000480e+01 1.822729999999999961e+01
-9.981310000000000571e+01 1.848989999999999867e+01
-9.978789999999999338e+01 1.812630000000000052e+01
-9.953539999999999566e+01 1.832829999999999870e+01
-9.961109999999999332e+01 1.808589999999999876e+01
-9.963639999999999475e+01 1.828790000000000049e+01
-9.998990000000000578e+01 1.774239999999999995e+01
-9.971210000000000662e+01 1.806569999999999965e+01
-9.961109999999999332e+01 1.808589999999999876e+01
-9.948480000000000700e+01 1.810610000000000142e+01
-9.973739999999999384e+01 1.824749999999999872e+01
-1.000151999999999930e+02 1.844950000000000045e+01
-9.951009999999999422e+01 1.832829999999999870e+01
-9.968689999999999429e+01 1.822729999999999961e+01
-9.958589999999999520e+01 1.828790000000000049e+01
-9.978789999999999338e+01 1.826770000000000138e+01
-9.953539999999999566e+01 1.818690000000000140e+01
-9.956059999999999377e+01 1.824749999999999872e+01
-9.958589999999999520e+01 1.816669999999999874e+01
-9.976260000000000616e+01 1.814649999999999963e+01
-9.976260000000000616e+01 1.800509999999999877e+01
-9.973739999999999384e+01 1.828790000000000049e+01
-9.976260000000000616e+01 1.830809999999999960e+01
-9.953539999999999566e+01 1.826770000000000138e+01
-9.953539999999999566e+01 1.826770000000000138e+01
-9.968689999999999429e+01 1.822729999999999961e+01
-9.925759999999999650e+01 1.830809999999999960e+01
-9.976260000000000616e+01 1.800509999999999877e+01
-9.956059999999999377e+01 1.820710000000000051e+01
-9.935859999999999559e+01 1.818690000000000140e+01
-9.986360000000000525e+01 1.760099999999999909e+01
-9.958589999999999520e+01 1.822729999999999961e+01
-9.978789999999999338e+01 1.772220000000000084e+01
-9.968689999999999429e+01 1.768179999999999907e+01
-9.925759999999999650e+01 1.798479999999999990e+01
-9.938379999999999370e+01 1.790399999999999991e+01
-9.933329999999999416e+01 1.810610000000000142e+01
-9.963639999999999475e+01 1.816669999999999874e+01
-9.943429999999999325e+01 1.808589999999999876e+01
-9.968689999999999429e+01 1.822729999999999961e+01
-9.966160000000000707e+01 1.770200000000000173e+01
-9.935859999999999559e+01 1.818690000000000140e+01
-9.953539999999999566e+01 1.830809999999999960e+01
-9.930809999999999604e+01 1.812630000000000052e+01
-9.933329999999999416e+01 1.804550000000000054e+01
-9.968689999999999429e+01 1.810610000000000142e+01
-9.953539999999999566e+01 1.824749999999999872e+01
-9.940909999999999513e+01 1.806569999999999965e+01
-9.986360000000000525e+01 1.768179999999999907e+01
-9.958589999999999520e+01 1.836870000000000047e+01
-9.973739999999999384e+01 1.842930000000000135e+01
-9.968689999999999429e+01 1.838889999999999958e+01
-9.963639999999999475e+01 1.840909999999999869e+01
-9.935859999999999559e+01 1.810610000000000142e+01
-9.940909999999999513e+01 1.816669999999999874e+01
-9.935859999999999559e+01 1.816669999999999874e+01
-9.938379999999999370e+01 1.816669999999999874e+01
-9.951009999999999422e+01 1.830809999999999960e+01
-9.956059999999999377e+01 1.836870000000000047e+01
-9.935859999999999559e+01 1.814649999999999963e+01
-9.968689999999999429e+01 1.832829999999999870e+01
-9.948480000000000700e+01 1.832829999999999870e+01
-9.940909999999999513e+01 1.812630000000000052e+01
-9.993940000000000623e+01 1.838889999999999958e+01
-9.956059999999999377e+01 1.824749999999999872e+01
-9.915659999999999741e+01 1.826770000000000138e+01
-9.945959999999999468e+01 1.842930000000000135e+01
-9.956059999999999377e+01 1.812630000000000052e+01
-9.983839999999999293e+01 1.764140000000000086e+01
-9.968689999999999429e+01 1.818690000000000140e+01
-9.963639999999999475e+01 1.814649999999999963e+01
-9.961109999999999332e+01 1.818690000000000140e+01
-9.961109999999999332e+01 1.826770000000000138e+01
-9.971210000000000662e+01 1.818690000000000140e+01
-9.948480000000000700e+01 1.814649999999999963e+01
-9.981310000000000571e+01 1.834850000000000136e+01
-9.966160000000000707e+01 1.810610000000000142e+01
-9.956059999999999377e+01 1.840909999999999869e+01
-9.963639999999999475e+01 1.824749999999999872e+01
-9.963639999999999475e+01 1.822729999999999961e+01
-9.951009999999999422e+01 1.842930000000000135e+01
-9.973739999999999384e+01 1.844950000000000045e+01
-9.956059999999999377e+01 1.836870000000000047e+01
-9.910609999999999786e+01 1.828790000000000049e+01
-9.910609999999999786e+01 1.830809999999999960e+01
-9.940909999999999513e+01 1.826770000000000138e+01
-9.966160000000000707e+01 1.810610000000000142e+01
-9.963639999999999475e+01 1.812630000000000052e+01
-9.923229999999999507e+01 1.832829999999999870e+01
-1.000404000000000053e+02 1.838889999999999958e+01
-9.988890000000000668e+01 1.780300000000000082e+01
-1.001919000000000040e+02 1.824749999999999872e+01
-9.963639999999999475e+01 1.832829999999999870e+01
-9.971210000000000662e+01 1.822729999999999961e+01
-9.971210000000000662e+01 1.816669999999999874e+01
-9.963639999999999475e+01 1.826770000000000138e+01
-9.968689999999999429e+01 1.774239999999999995e+01
-9.993940000000000623e+01 1.780300000000000082e+01
-9.991410000000000480e+01 1.782319999999999993e+01
-9.976260000000000616e+01 1.826770000000000138e+01
-9.983839999999999293e+01 1.826770000000000138e+01
-9.953539999999999566e+01 1.772220000000000084e+01
-9.986360000000000525e+01 1.832829999999999870e+01
-9.956059999999999377e+01 1.840909999999999869e+01
-9.976260000000000616e+01 1.768179999999999907e+01
-9.988890000000000668e+01 1.826770000000000138e+01
-9.971210000000000662e+01 1.834850000000000136e+01
-9.956059999999999377e+01 1.814649999999999963e+01
-9.978789999999999338e+01 1.826770000000000138e+01
-9.991410000000000480e+01 1.770200000000000173e+01
-9.976260000000000616e+01 1.762120000000000175e+01
-9.963639999999999475e+01 1.828790000000000049e+01
-9.963639999999999475e+01 1.816669999999999874e+01
-9.945959999999999468e+01 1.842930000000000135e+01
-9.981310000000000571e+01 1.824749999999999872e+01
-9.935859999999999559e+01 1.812630000000000052e+01
-9.981310000000000571e+01 1.824749999999999872e+01
-9.976260000000000616e+01 1.824749999999999872e+01
-9.951009999999999422e+01 1.840909999999999869e+01
-9.958589999999999520e+01 1.808589999999999876e+01
-9.963639999999999475e+01 1.762120000000000175e+01
-9.928279999999999461e+01 1.808589999999999876e+01
-9.938379999999999370e+01 1.822729999999999961e+01
-9.943429999999999325e+01 1.814649999999999963e+01
-9.940909999999999513e+01 1.812630000000000052e+01
-9.940909999999999513e+01 1.818690000000000140e+01
-9.928279999999999461e+01 1.810610000000000142e+01
-9.988890000000000668e+01 1.838889999999999958e+01
-9.943429999999999325e+01 1.826770000000000138e+01
-9.991410000000000480e+01 1.838889999999999958e+01
-9.973739999999999384e+01 1.838889999999999958e+01
-9.953539999999999566e+01 1.834850000000000136e+01
-9.933329999999999416e+01 1.826770000000000138e+01
-9.908079999999999643e+01 1.818690000000000140e+01
-9.981310000000000571e+01 1.810610000000000142e+01
-9.923229999999999507e+01 1.822729999999999961e+01
-9.925759999999999650e+01 1.816669999999999874e+01
-9.971210000000000662e+01 1.816669999999999874e+01
-9.953539999999999566e+01 1.836870000000000047e+01
-9.983839999999999293e+01 1.822729999999999961e+01
-9.996460000000000434e+01 1.776259999999999906e+01
-9.938379999999999370e+01 1.840909999999999869e+01
-9.918179999999999552e+01 1.836870000000000047e+01
-9.976260000000000616e+01 1.836870000000000047e+01
-9.983839999999999293e+01 1.851010000000000133e+01
-9.983839999999999293e+01 1.824749999999999872e+01
-9.956059999999999377e+01 1.824749999999999872e+01
-9.961109999999999332e+01 1.816669999999999874e+01
-9.958589999999999520e+01 1.812630000000000052e+01
-9.986360000000000525e+01 1.828790000000000049e+01
-9.976260000000000616e+01 1.832829999999999870e+01
-9.983839999999999293e+01 1.818690000000000140e+01
-9.993940000000000623e+01 1.780300000000000082e+01
-9.971210000000000662e+01 1.802530000000000143e+01
-9.976260000000000616e+01 1.784339999999999904e+01
-9.963639999999999475e+01 1.820710000000000051e+01
-9.973739999999999384e+01 1.802530000000000143e+01
-9.953539999999999566e+01 1.808589999999999876e+01
-9.973739999999999384e+01 1.824749999999999872e+01
-9.983839999999999293e+01 1.830809999999999960e+01
-1.004192000000000036e+02 1.800509999999999877e+01
-9.961109999999999332e+01 1.840909999999999869e+01
-9.976260000000000616e+01 1.760099999999999909e+01
-9.953539999999999566e+01 1.816669999999999874e+01
-9.993940000000000623e+01 1.844950000000000045e+01
-9.961109999999999332e+01 1.814649999999999963e+01
-9.976260000000000616e+01 1.800509999999999877e+01
-9.976260000000000616e+01 1.814649999999999963e+01
-9.978789999999999338e+01 1.808589999999999876e+01
-9.943429999999999325e+01 1.820710000000000051e+01
-9.966160000000000707e+01 1.810610000000000142e+01
-9.971210000000000662e+01 1.828790000000000049e+01
-9.953539999999999566e+01 1.812630000000000052e+01
-9.860099999999999909e+01 1.824749999999999872e+01
-9.951009999999999422e+01 1.822729999999999961e+01
-9.956059999999999377e+01 1.846969999999999956e+01
-9.948480000000000700e+01 1.844950000000000045e+01
-9.953539999999999566e+01 1.846969999999999956e+01
-9.940909999999999513e+01 1.830809999999999960e+01
-9.935859999999999559e+01 1.824749999999999872e+01
-9.961109999999999332e+01 1.834850000000000136e+01
-9.973739999999999384e+01 1.846969999999999956e+01
-9.973739999999999384e+01 1.832829999999999870e+01
-9.966160000000000707e+01 1.788380000000000081e+01
-9.971210000000000662e+01 1.770200000000000173e+01
-9.971210000000000662e+01 1.776259999999999906e+01
-9.973739999999999384e+01 1.840909999999999869e+01
-9.996460000000000434e+01 1.834850000000000136e+01
-9.948480000000000700e+01 1.782319999999999993e+01
-9.966160000000000707e+01 1.824749999999999872e+01
-9.966160000000000707e+01 1.820710000000000051e+01
-9.976260000000000616e+01 1.824749999999999872e+01
-9.951009999999999422e+01 1.834850000000000136e+01
-9.968689999999999429e+01 1.822729999999999961e+01
-9.963639999999999475e+01 1.806569999999999965e+01
-9.986360000000000525e+01 1.802530000000000143e+01
-9.973739999999999384e+01 1.802530000000000143e+01
-9.938379999999999370e+01 1.814649999999999963e+01
-9.991410000000000480e+01 1.846969999999999956e+01
-9.978789999999999338e+01 1.836870000000000047e+01
-9.986360000000000525e+01 1.844950000000000045e+01
-1.007727000000000004e+02 1.778280000000000172e+01
-9.963639999999999475e+01 1.844950000000000045e+01
-9.968689999999999429e+01 1.846969999999999956e+01
-9.971210000000000662e+01 1.838889999999999958e+01
-9.966160000000000707e+01 1.838889999999999958e+01
-9.976260000000000616e+01 1.842930000000000135e+01
-9.956059999999999377e+01 1.832829999999999870e+01
-9.958589999999999520e+01 1.832829999999999870e+01
-9.961109999999999332e+01 1.830809999999999960e+01
-9.961109999999999332e+01 1.830809999999999960e+01
-9.961109999999999332e+01 1.820710000000000051e+01
-9.991410000000000480e+01 1.778280000000000172e+01
-9.961109999999999332e+01 1.820710000000000051e+01
-9.968689999999999429e+01 1.808589999999999876e+01
-9.943429999999999325e+01 1.806569999999999965e+01
-9.913129999999999598e+01 1.824749999999999872e+01
-9.923229999999999507e+01 1.822729999999999961e+01
-9.961109999999999332e+01 1.810610000000000142e+01
-9.940909999999999513e+01 1.818690000000000140e+01
-9.963639999999999475e+01 1.820710000000000051e+01
-9.958589999999999520e+01 1.806569999999999965e+01
-9.956059999999999377e+01 1.812630000000000052e+01
-9.933329999999999416e+01 1.824749999999999872e+01
-9.920709999999999695e+01 1.820710000000000051e+01
-9.938379999999999370e+01 1.816669999999999874e+01
-9.961109999999999332e+01 1.816669999999999874e+01
-9.958589999999999520e+01 1.822729999999999961e+01
-9.958589999999999520e+01 1.822729999999999961e+01
-9.958589999999999520e+01 1.820710000000000051e+01
-9.966160000000000707e+01 1.826770000000000138e+01
-9.951009999999999422e+01 1.834850000000000136e+01
-9.956059999999999377e+01 1.832829999999999870e+01
-9.976260000000000616e+01 1.800509999999999877e+01
-9.953539999999999566e+01 1.828790000000000049e+01
-9.930809999999999604e+01 1.824749999999999872e+01
-9.958589999999999520e+01 1.816669999999999874e+01
-1.003434000000000026e+02 1.836870000000000047e+01
-9.961109999999999332e+01 1.828790000000000049e+01
-9.996460000000000434e+01 1.826770000000000138e+01
-1.004949000000000012e+02 1.804550000000000054e+01
-9.963639999999999475e+01 1.824749999999999872e+01
-9.958589999999999520e+01 1.814649999999999963e+01
-1.002172000000000054e+02 1.808589999999999876e+01
-9.973739999999999384e+01 1.806569999999999965e+01
-9.973739999999999384e+01 1.840909999999999869e+01
-9.951009999999999422e+01 1.848989999999999867e+01
-9.943429999999999325e+01 1.846969999999999956e+01
-9.993940000000000623e+01 1.814649999999999963e+01
-9.958589999999999520e+01 1.840909999999999869e+01
-9.973739999999999384e+01 1.840909999999999869e+01
-9.971210000000000662e+01 1.838889999999999958e+01
-9.953539999999999566e+01 1.828790000000000049e+01
-9.973739999999999384e+01 1.838889999999999958e+01
-9.956059999999999377e+01 1.830809999999999960e+01
-9.981310000000000571e+01 1.766159999999999997e+01
-9.991410000000000480e+01 1.764140000000000086e+01
-9.988890000000000668e+01 1.762120000000000175e+01
-9.973739999999999384e+01 1.822729999999999961e+01
-9.973739999999999384e+01 1.814649999999999963e+01
-9.978789999999999338e+01 1.774239999999999995e+01
-9.968689999999999429e+01 1.784339999999999904e+01
-9.978789999999999338e+01 1.768179999999999907e+01
-9.971210000000000662e+01 1.776259999999999906e+01
-9.976260000000000616e+01 1.814649999999999963e+01
-9.986360000000000525e+01 1.824749999999999872e+01
-9.991410000000000480e+01 1.762120000000000175e+01
-9.958589999999999520e+01 1.836870000000000047e+01
-9.943429999999999325e+01 1.788380000000000081e+01
-9.976260000000000616e+01 1.760099999999999909e+01
-9.956059999999999377e+01 1.840909999999999869e+01
-9.940909999999999513e+01 1.842930000000000135e+01
-9.943429999999999325e+01 1.832829999999999870e+01
-9.945959999999999468e+01 1.844950000000000045e+01
-9.940909999999999513e+01 1.842930000000000135e+01
-9.948480000000000700e+01 1.842930000000000135e+01
-9.998990000000000578e+01 1.816669999999999874e+01
-9.976260000000000616e+01 1.800509999999999877e+01
-9.986360000000000525e+01 1.812630000000000052e+01
-9.981310000000000571e+01 1.824749999999999872e+01
-9.971210000000000662e+01 1.828790000000000049e+01
-9.958589999999999520e+01 1.822729999999999961e+01
-9.963639999999999475e+01 1.814649999999999963e+01
-9.961109999999999332e+01 1.840909999999999869e+01
-9.961109999999999332e+01 1.822729999999999961e+01
-9.935859999999999559e+01 1.816669999999999874e+01
-9.951009999999999422e+01 1.830809999999999960e+01
-9.968689999999999429e+01 1.822729999999999961e+01
-9.938379999999999370e+01 1.812630000000000052e+01
-9.971210000000000662e+01 1.816669999999999874e+01
-9.935859999999999559e+01 1.820710000000000051e+01
-9.930809999999999604e+01 1.822729999999999961e+01
-9.930809999999999604e+01 1.824749999999999872e+01
-9.963639999999999475e+01 1.820710000000000051e+01
-9.978789999999999338e+01 1.828790000000000049e+01
-9.973739999999999384e+01 1.842930000000000135e+01
-9.993940000000000623e+01 1.800509999999999877e+01
-9.963639999999999475e+01 1.824749999999999872e+01
-9.935859999999999559e+01 1.808589999999999876e+01
-9.945959999999999468e+01 1.788380000000000081e+01
-9.961109999999999332e+01 1.816669999999999874e+01
-9.966160000000000707e+01 1.816669999999999874e+01
-9.948480000000000700e+01 1.840909999999999869e+01
-9.956059999999999377e+01 1.822729999999999961e+01
-9.978789999999999338e+01 1.800509999999999877e+01
-9.951009999999999422e+01 1.844950000000000045e+01
-9.925759999999999650e+01 1.812630000000000052e+01
-9.953539999999999566e+01 1.846969999999999956e+01
-9.918179999999999552e+01 1.810610000000000142e+01
-9.943429999999999325e+01 1.844950000000000045e+01
-9.925759999999999650e+01 1.812630000000000052e+01
-9.945959999999999468e+01 1.844950000000000045e+01
-9.930809999999999604e+01 1.834850000000000136e+01
-9.930809999999999604e+01 1.818690000000000140e+01
-9.925759999999999650e+01 1.812630000000000052e+01
-9.930809999999999604e+01 1.818690000000000140e+01
-9.951009999999999422e+01 1.826770000000000138e+01
-9.948480000000000700e+01 1.830809999999999960e+01
-9.925759999999999650e+01 1.834850000000000136e+01
-9.915659999999999741e+01 1.824749999999999872e+01
-9.958589999999999520e+01 1.816669999999999874e+01
-9.923229999999999507e+01 1.812630000000000052e+01
-9.956059999999999377e+01 1.818690000000000140e+01
-9.920709999999999695e+01 1.826770000000000138e+01
-9.928279999999999461e+01 1.814649999999999963e+01
-9.920709999999999695e+01 1.820710000000000051e+01
-9.920709999999999695e+01 1.802530000000000143e+01
-9.968689999999999429e+01 1.814649999999999963e+01
-9.933329999999999416e+01 1.810610000000000142e+01
-9.928279999999999461e+01 1.818690000000000140e+01
-9.971210000000000662e+01 1.814649999999999963e+01
-9.905559999999999832e+01 1.774239999999999995e+01
-9.925759999999999650e+01 1.834850000000000136e+01
-9.991410000000000480e+01 1.846969999999999956e+01
-9.996460000000000434e+01 1.842930000000000135e+01
-9.983839999999999293e+01 1.844950000000000045e+01
-9.968689999999999429e+01 1.820710000000000051e+01
-9.963639999999999475e+01 1.816669999999999874e+01
-9.938379999999999370e+01 1.834850000000000136e+01
-9.966160000000000707e+01 1.816669999999999874e+01
-9.915659999999999741e+01 1.832829999999999870e+01
-9.915659999999999741e+01 1.832829999999999870e+01
-9.971210000000000662e+01 1.840909999999999869e+01
-9.951009999999999422e+01 1.842930000000000135e+01
-1.001414000000000044e+02 1.828790000000000049e+01
-9.971210000000000662e+01 1.832829999999999870e+01
-9.958589999999999520e+01 1.812630000000000052e+01
-9.981310000000000571e+01 1.824749999999999872e+01
-9.986360000000000525e+01 1.830809999999999960e+01
-9.961109999999999332e+01 1.838889999999999958e+01
-9.971210000000000662e+01 1.824749999999999872e+01
-9.968689999999999429e+01 1.824749999999999872e+01
-9.978789999999999338e+01 1.832829999999999870e+01
-9.966160000000000707e+01 1.826770000000000138e+01
-9.963639999999999475e+01 1.818690000000000140e+01
-9.948480000000000700e+01 1.810610000000000142e+01
-9.961109999999999332e+01 1.830809999999999960e+01
-9.978789999999999338e+01 1.828790000000000049e+01
-9.951009999999999422e+01 1.826770000000000138e+01
-9.998990000000000578e+01 1.830809999999999960e+01
-9.973739999999999384e+01 1.802530000000000143e+01
-9.991410000000000480e+01 1.840909999999999869e+01
-9.963639999999999475e+01 1.820710000000000051e+01
-9.976260000000000616e+01 1.800509999999999877e+01
-9.956059999999999377e+01 1.824749999999999872e+01
-9.963639999999999475e+01 1.822729999999999961e+01
-9.978789999999999338e+01 1.800509999999999877e+01
-9.976260000000000616e+01 1.800509999999999877e+01
-9.958589999999999520e+01 1.820710000000000051e+01
-9.930809999999999604e+01 1.812630000000000052e+01
-9.953539999999999566e+01 1.820710000000000051e+01
-9.953539999999999566e+01 1.828790000000000049e+01
-9.928279999999999461e+01 1.810610000000000142e+01
-9.956059999999999377e+01 1.830809999999999960e+01
-9.953539999999999566e+01 1.834850000000000136e+01
-9.961109999999999332e+01 1.820710000000000051e+01
-9.928279999999999461e+01 1.808589999999999876e+01
-9.978789999999999338e+01 1.768179999999999907e+01
-9.918179999999999552e+01 1.796460000000000079e+01
-9.978789999999999338e+01 1.800509999999999877e+01
-9.966160000000000707e+01 1.762120000000000175e+01
-9.951009999999999422e+01 1.814649999999999963e+01
-9.968689999999999429e+01 1.820710000000000051e+01
-9.938379999999999370e+01 1.806569999999999965e+01
-9.930809999999999604e+01 1.802530000000000143e+01
-9.983839999999999293e+01 1.820710000000000051e+01
-9.956059999999999377e+01 1.818690000000000140e+01
-9.935859999999999559e+01 1.812630000000000052e+01
-9.938379999999999370e+01 1.818690000000000140e+01
-9.978789999999999338e+01 1.762120000000000175e+01
-9.956059999999999377e+01 1.820710000000000051e+01
-9.956059999999999377e+01 1.822729999999999961e+01
-9.963639999999999475e+01 1.826770000000000138e+01
-9.996460000000000434e+01 1.818690000000000140e+01
-9.966160000000000707e+01 1.810610000000000142e+01
-9.958589999999999520e+01 1.812630000000000052e+01
-9.986360000000000525e+01 1.774239999999999995e+01
-9.998990000000000578e+01 1.770200000000000173e+01
-9.996460000000000434e+01 1.776259999999999906e+01
-9.933329999999999416e+01 1.812630000000000052e+01
-9.961109999999999332e+01 1.822729999999999961e+01
-9.938379999999999370e+01 1.814649999999999963e+01
-9.963639999999999475e+01 1.816669999999999874e+01
-9.938379999999999370e+01 1.816669999999999874e+01
-9.958589999999999520e+01 1.824749999999999872e+01
-9.978789999999999338e+01 1.820710000000000051e+01
-9.976260000000000616e+01 1.762120000000000175e+01
-9.971210000000000662e+01 1.768179999999999907e+01
-9.976260000000000616e+01 1.832829999999999870e+01
-9.993940000000000623e+01 1.832829999999999870e+01
-1.000909000000000049e+02 1.820710000000000051e+01
-9.973739999999999384e+01 1.772220000000000084e+01
-9.940909999999999513e+01 1.840909999999999869e+01
-9.963639999999999475e+01 1.816669999999999874e+01
-9.973739999999999384e+01 1.802530000000000143e+01
-9.908079999999999643e+01 1.774239999999999995e+01
-9.971210000000000662e+01 1.814649999999999963e+01
-9.978789999999999338e+01 1.768179999999999907e+01
-9.948480000000000700e+01 1.834850000000000136e+01
-9.971210000000000662e+01 1.836870000000000047e+01
-9.961109999999999332e+01 1.826770000000000138e+01
-9.966160000000000707e+01 1.844950000000000045e+01
-9.956059999999999377e+01 1.834850000000000136e+01
-9.961109999999999332e+01 1.830809999999999960e+01
-9.943429999999999325e+01 1.844950000000000045e+01
-9.968689999999999429e+01 1.822729999999999961e+01
-9.968689999999999429e+01 1.838889999999999958e+01
-9.951009999999999422e+01 1.830809999999999960e+01
-9.966160000000000707e+01 1.820710000000000051e+01
-9.943429999999999325e+01 1.844950000000000045e+01
-9.961109999999999332e+01 1.824749999999999872e+01
-9.923229999999999507e+01 1.830809999999999960e+01
-9.908079999999999643e+01 1.822729999999999961e+01
-9.928279999999999461e+01 1.828790000000000049e+01
-9.925759999999999650e+01 1.812630000000000052e+01
-9.913129999999999598e+01 1.832829999999999870e+01
-9.988890000000000668e+01 1.846969999999999956e+01
-9.933329999999999416e+01 1.814649999999999963e+01
-9.923229999999999507e+01 1.812630000000000052e+01
-9.913129999999999598e+01 1.820710000000000051e+01
-9.933329999999999416e+01 1.818690000000000140e+01
-9.953539999999999566e+01 1.846969999999999956e+01
-9.940909999999999513e+01 1.818690000000000140e+01
-9.935859999999999559e+01 1.818690000000000140e+01
-9.951009999999999422e+01 1.830809999999999960e+01
-9.958589999999999520e+01 1.848989999999999867e+01
-9.953539999999999566e+01 1.844950000000000045e+01
-9.996460000000000434e+01 1.838889999999999958e+01
-9.961109999999999332e+01 1.846969999999999956e+01
-9.973739999999999384e+01 1.840909999999999869e+01
-9.956059999999999377e+01 1.836870000000000047e+01
-9.973739999999999384e+01 1.848989999999999867e+01
-9.978789999999999338e+01 1.851010000000000133e+01
-9.953539999999999566e+01 1.830809999999999960e+01
-9.971210000000000662e+01 1.838889999999999958e+01
-9.961109999999999332e+01 1.824749999999999872e+01
-9.918179999999999552e+01 1.832829999999999870e+01
-9.910609999999999786e+01 1.824749999999999872e+01
-9.953539999999999566e+01 1.826770000000000138e+01
-9.951009999999999422e+01 1.810610000000000142e+01
-9.966160000000000707e+01 1.826770000000000138e+01
-9.971210000000000662e+01 1.826770000000000138e+01
-9.968689999999999429e+01 1.832829999999999870e+01
-9.973739999999999384e+01 1.820710000000000051e+01
-9.951009999999999422e+01 1.826770000000000138e+01
-9.971210000000000662e+01 1.838889999999999958e+01
-9.956059999999999377e+01 1.812630000000000052e+01
-9.951009999999999422e+01 1.826770000000000138e+01
-9.958589999999999520e+01 1.840909999999999869e+01
-9.951009999999999422e+01 1.810610000000000142e+01
-1.001919000000000040e+02 1.848989999999999867e+01
-9.976260000000000616e+01 1.836870000000000047e+01
-9.978789999999999338e+01 1.798479999999999990e+01
-9.943429999999999325e+01 1.844950000000000045e+01
-9.976260000000000616e+01 1.840909999999999869e+01
-9.976260000000000616e+01 1.800509999999999877e+01
-9.951009999999999422e+01 1.814649999999999963e+01
-9.971210000000000662e+01 1.802530000000000143e+01
-9.988890000000000668e+01 1.780300000000000082e+01
-9.963639999999999475e+01 1.812630000000000052e+01
-9.956059999999999377e+01 1.822729999999999961e+01
-9.973739999999999384e+01 1.808589999999999876e+01
-9.935859999999999559e+01 1.804550000000000054e+01
-9.933329999999999416e+01 1.816669999999999874e+01
-9.958589999999999520e+01 1.816669999999999874e+01
-9.938379999999999370e+01 1.816669999999999874e+01
-9.961109999999999332e+01 1.816669999999999874e+01
-9.956059999999999377e+01 1.826770000000000138e+01
-9.928279999999999461e+01 1.808589999999999876e+01
-9.928279999999999461e+01 1.806569999999999965e+01
-9.953539999999999566e+01 1.820710000000000051e+01
-9.938379999999999370e+01 1.806569999999999965e+01
-9.943429999999999325e+01 1.814649999999999963e+01
-9.956059999999999377e+01 1.834850000000000136e+01
-9.923229999999999507e+01 1.816669999999999874e+01
-9.933329999999999416e+01 1.824749999999999872e+01
-9.933329999999999416e+01 1.824749999999999872e+01
-9.951009999999999422e+01 1.830809999999999960e+01
-9.935859999999999559e+01 1.810610000000000142e+01
-9.956059999999999377e+01 1.816669999999999874e+01
-9.935859999999999559e+01 1.822729999999999961e+01
-9.958589999999999520e+01 1.840909999999999869e+01
-9.943429999999999325e+01 1.842930000000000135e+01
-9.918179999999999552e+01 1.836870000000000047e+01
-9.961109999999999332e+01 1.838889999999999958e+01
-9.940909999999999513e+01 1.824749999999999872e+01
-9.935859999999999559e+01 1.824749999999999872e+01
-9.938379999999999370e+01 1.842930000000000135e+01
-9.968689999999999429e+01 1.798479999999999990e+01
-9.963639999999999475e+01 1.842930000000000135e+01
-9.976260000000000616e+01 1.838889999999999958e+01
-9.968689999999999429e+01 1.820710000000000051e+01
-9.966160000000000707e+01 1.824749999999999872e+01
-9.943429999999999325e+01 1.834850000000000136e+01
-9.991410000000000480e+01 1.846969999999999956e+01
-9.961109999999999332e+01 1.814649999999999963e+01
-9.953539999999999566e+01 1.846969999999999956e+01
-9.956059999999999377e+01 1.848989999999999867e+01
-9.940909999999999513e+01 1.844950000000000045e+01
-9.958589999999999520e+01 1.838889999999999958e+01
-9.966160000000000707e+01 1.844950000000000045e+01
-9.958589999999999520e+01 1.840909999999999869e+01
-9.951009999999999422e+01 1.836870000000000047e+01
-9.956059999999999377e+01 1.832829999999999870e+01
-9.983839999999999293e+01 1.842930000000000135e+01
-9.945959999999999468e+01 1.844950000000000045e+01
-9.968689999999999429e+01 1.838889999999999958e+01
-9.991410000000000480e+01 1.830809999999999960e+01
-1.000151999999999930e+02 1.830809999999999960e+01
-9.986360000000000525e+01 1.846969999999999956e+01
-9.940909999999999513e+01 1.818690000000000140e+01
-9.978789999999999338e+01 1.826770000000000138e+01
-9.981310000000000571e+01 1.822729999999999961e+01
-9.966160000000000707e+01 1.826770000000000138e+01
-9.956059999999999377e+01 1.822729999999999961e+01
-9.963639999999999475e+01 1.824749999999999872e+01
-9.956059999999999377e+01 1.828790000000000049e+01
-9.966160000000000707e+01 1.816669999999999874e+01
-9.966160000000000707e+01 1.812630000000000052e+01
-9.948480000000000700e+01 1.812630000000000052e+01
-9.986360000000000525e+01 1.830809999999999960e+01
-9.981310000000000571e+01 1.826770000000000138e+01
-9.988890000000000668e+01 1.836870000000000047e+01
-9.988890000000000668e+01 1.834850000000000136e+01
-9.988890000000000668e+01 1.836870000000000047e+01
-9.940909999999999513e+01 1.828790000000000049e+01
-9.978789999999999338e+01 1.840909999999999869e+01
-9.928279999999999461e+01 1.836870000000000047e+01
-9.938379999999999370e+01 1.840909999999999869e+01
-9.953539999999999566e+01 1.816669999999999874e+01
-9.951009999999999422e+01 1.838889999999999958e+01
-9.923229999999999507e+01 1.822729999999999961e+01
-9.918179999999999552e+01 1.834850000000000136e+01
-9.933329999999999416e+01 1.832829999999999870e+01
-9.925759999999999650e+01 1.834850000000000136e+01
-9.928279999999999461e+01 1.818690000000000140e+01
-9.953539999999999566e+01 1.836870000000000047e+01
-9.908079999999999643e+01 1.828790000000000049e+01
-9.940909999999999513e+01 1.828790000000000049e+01
-9.933329999999999416e+01 1.818690000000000140e+01
-9.935859999999999559e+01 1.812630000000000052e+01
-9.956059999999999377e+01 1.814649999999999963e+01
-9.930809999999999604e+01 1.808589999999999876e+01
-9.920709999999999695e+01 1.820710000000000051e+01
-9.956059999999999377e+01 1.836870000000000047e+01
-9.973739999999999384e+01 1.844950000000000045e+01
-9.928279999999999461e+01 1.814649999999999963e+01
-9.953539999999999566e+01 1.832829999999999870e+01
-9.940909999999999513e+01 1.818690000000000140e+01
-9.956059999999999377e+01 1.820710000000000051e+01
-9.951009999999999422e+01 1.842930000000000135e+01
-9.958589999999999520e+01 1.834850000000000136e+01
-9.920709999999999695e+01 1.826770000000000138e+01
-9.933329999999999416e+01 1.822729999999999961e+01
-9.963639999999999475e+01 1.828790000000000049e+01
-9.966160000000000707e+01 1.814649999999999963e+01
-9.981310000000000571e+01 1.798479999999999990e+01
-9.951009999999999422e+01 1.818690000000000140e+01
-9.966160000000000707e+01 1.806569999999999965e+01
-9.963639999999999475e+01 1.810610000000000142e+01
-9.908079999999999643e+01 1.820710000000000051e+01
-9.966160000000000707e+01 1.812630000000000052e+01
-9.988890000000000668e+01 1.824749999999999872e+01
-9.956059999999999377e+01 1.844950000000000045e+01
-9.956059999999999377e+01 1.826770000000000138e+01
-9.953539999999999566e+01 1.840909999999999869e+01
-9.938379999999999370e+01 1.818690000000000140e+01
-9.973739999999999384e+01 1.814649999999999963e+01
-9.938379999999999370e+01 1.808589999999999876e+01
-9.978789999999999338e+01 1.798479999999999990e+01
