-1.228700000000000045e+02 4.009000000000000341e+01
-1.228799999999999955e+02 4.010000000000000142e+01
-1.224300000000000068e+02 4.038000000000000256e+01
-1.224300000000000068e+02 4.038000000000000256e+01
-1.225199999999999960e+02 4.031000000000000227e+01
-1.225199999999999960e+02 4.031000000000000227e+01
-1.227999999999999972e+02 4.047999999999999687e+01
-1.225300000000000011e+02 4.060000000000000142e+01
-1.225300000000000011e+02 4.060000000000000142e+01
-1.225300000000000011e+02 4.060000000000000142e+01
-1.225300000000000011e+02 4.060000000000000142e+01
-1.225300000000000011e+02 4.060000000000000142e+01
-1.225300000000000011e+02 4.064999999999999858e+01
-1.227500000000000000e+02 4.075000000000000000e+01
-1.227699999999999960e+02 4.092000000000000171e+01
-1.228199999999999932e+02 4.089999999999999858e+01
-1.228199999999999932e+02 4.089999999999999858e+01
-1.228199999999999932e+02 4.089999999999999858e+01
-1.228499999999999943e+02 4.110000000000000142e+01
-1.227699999999999960e+02 4.096999999999999886e+01
-1.228799999999999955e+02 4.067000000000000171e+01
-1.230199999999999960e+02 4.068999999999999773e+01
-1.230199999999999960e+02 4.068999999999999773e+01
-1.230199999999999960e+02 4.068999999999999773e+01
-1.230199999999999960e+02 4.068999999999999773e+01
-1.228499999999999943e+02 4.072999999999999687e+01
-1.227999999999999972e+02 4.045000000000000284e+01
-1.228400000000000034e+02 4.102000000000000313e+01
-1.228400000000000034e+02 4.102000000000000313e+01
-1.228400000000000034e+02 4.102000000000000313e+01
-1.228400000000000034e+02 4.102000000000000313e+01
-1.228400000000000034e+02 4.102000000000000313e+01
-1.228499999999999943e+02 4.106000000000000227e+01
-1.228499999999999943e+02 4.106000000000000227e+01
-1.228499999999999943e+02 4.111999999999999744e+01
-1.228499999999999943e+02 4.092000000000000171e+01
-1.228799999999999955e+02 4.100000000000000000e+01
-1.230300000000000011e+02 4.120000000000000284e+01
-1.230300000000000011e+02 4.125000000000000000e+01
-1.230300000000000011e+02 4.125000000000000000e+01
-1.227999999999999972e+02 4.104999999999999716e+01
-1.231700000000000017e+02 4.104999999999999716e+01
-1.231500000000000057e+02 4.135000000000000142e+01
-1.231500000000000057e+02 4.135000000000000142e+01
-1.231500000000000057e+02 4.135000000000000142e+01
-1.231500000000000057e+02 4.135000000000000142e+01
-1.231500000000000057e+02 4.135000000000000142e+01
-1.231500000000000057e+02 4.135000000000000142e+01
-1.231500000000000057e+02 4.135000000000000142e+01
-1.231299999999999955e+02 4.132000000000000028e+01
-1.231200000000000045e+02 4.139999999999999858e+01
-1.231200000000000045e+02 4.139999999999999858e+01
-1.231200000000000045e+02 4.139999999999999858e+01
-1.231299999999999955e+02 4.145000000000000284e+01
-1.233700000000000045e+02 4.157000000000000028e+01
-1.233700000000000045e+02 4.157000000000000028e+01
-1.232800000000000011e+02 4.152000000000000313e+01
-1.234000000000000057e+02 4.164999999999999858e+01
-1.234000000000000057e+02 4.164999999999999858e+01
-1.234699999999999989e+02 4.161999999999999744e+01
-1.232999999999999972e+02 4.171999999999999886e+01
-1.233299999999999983e+02 3.956000000000000227e+01
-1.233499999999999943e+02 3.950000000000000000e+01
-1.233499999999999943e+02 3.950000000000000000e+01
-1.233499999999999943e+02 3.950000000000000000e+01
-1.230999999999999943e+02 3.945000000000000284e+01
