-1.202000000000000028e+02 3.562500000000000000e+01
-1.202399999999999949e+02 3.567999999999999972e+01
-1.206550000000000011e+02 3.607999999999999829e+01
-1.206400000000000006e+02 3.611999999999999744e+01
-1.206749999999999972e+02 3.613499999999999801e+01
-1.203400000000000034e+02 3.576500000000000057e+01
-1.203199999999999932e+02 3.574499999999999744e+01
-1.206899999999999977e+02 3.613499999999999801e+01
-1.201050000000000040e+02 3.567499999999999716e+01
-1.202800000000000011e+02 3.571999999999999886e+01
-1.206149999999999949e+02 3.608500000000000085e+01
-1.206449999999999960e+02 3.609499999999999886e+01
-1.206449999999999960e+02 3.611999999999999744e+01
-1.205849999999999937e+02 3.605499999999999972e+01
-1.203449999999999989e+02 3.582000000000000028e+01
-1.202199999999999989e+02 3.570000000000000284e+01
-1.207199999999999989e+02 3.617499999999999716e+01
-1.205750000000000028e+02 3.600500000000000256e+01
-1.203299999999999983e+02 3.579500000000000171e+01
-1.205300000000000011e+02 3.600500000000000256e+01
-1.207699999999999960e+02 3.621999999999999886e+01
-1.210799999999999983e+02 3.643500000000000227e+01
-1.206350000000000051e+02 3.611999999999999744e+01
-1.202549999999999955e+02 3.569500000000000028e+01
-1.202549999999999955e+02 3.568999999999999773e+01
-1.205150000000000006e+02 3.597500000000000142e+01
-1.202199999999999989e+02 3.568500000000000227e+01
-1.210649999999999977e+02 3.644500000000000028e+01
-1.208349999999999937e+02 3.628000000000000114e+01
-1.203250000000000028e+02 3.578999999999999915e+01
-1.205649999999999977e+02 3.602000000000000313e+01
-1.202800000000000011e+02 3.570000000000000284e+01
-1.208299999999999983e+02 3.628999999999999915e+01
-1.205499999999999972e+02 3.602000000000000313e+01
-1.201899999999999977e+02 3.563000000000000256e+01
-1.200750000000000028e+02 3.553000000000000114e+01
-1.203199999999999932e+02 3.575500000000000256e+01
-1.207199999999999989e+02 3.621000000000000085e+01
-1.203400000000000034e+02 3.578999999999999915e+01
-1.207450000000000045e+02 3.620000000000000284e+01
-1.205499999999999972e+02 3.600500000000000256e+01
-1.205150000000000006e+02 3.597999999999999687e+01
-1.205150000000000006e+02 3.597999999999999687e+01
-1.201400000000000006e+02 3.564000000000000057e+01
-1.200100000000000051e+02 3.543999999999999773e+01
-1.203250000000000028e+02 3.578000000000000114e+01
-1.203199999999999932e+02 3.578499999999999659e+01
-1.201749999999999972e+02 3.566499999999999915e+01
-1.201099999999999994e+02 3.557500000000000284e+01
-1.206700000000000017e+02 3.614000000000000057e+01
-1.206400000000000006e+02 3.611999999999999744e+01
-1.201749999999999972e+02 3.560999999999999943e+01
-1.201500000000000057e+02 3.563499999999999801e+01
-1.201149999999999949e+02 3.550500000000000256e+01
-1.208050000000000068e+02 3.625800000000000267e+01
-1.202950000000000017e+02 3.572999999999999687e+01
-1.203949999999999960e+02 3.587699999999999534e+01
-1.201099999999999994e+02 3.553999999999999915e+01
-1.205250000000000057e+02 3.597999999999999687e+01
-1.203349999999999937e+02 3.578499999999999659e+01
-1.206250000000000000e+02 3.608500000000000085e+01
-1.207349999999999994e+02 3.617999999999999972e+01
-1.202650000000000006e+02 3.571000000000000085e+01
-1.202450000000000045e+02 3.567000000000000171e+01
-1.203900000000000006e+02 3.587500000000000000e+01
-1.207249999999999943e+02 3.617499999999999716e+01
-1.202349999999999994e+02 3.566499999999999915e+01
-1.207900000000000063e+02 3.622999999999999687e+01
-1.209249999999999972e+02 3.632000000000000028e+01
-1.203149999999999977e+02 3.573499999999999943e+01
-1.203620000000000090e+02 3.585199999999999676e+01
-1.201850000000000023e+02 3.561999999999999744e+01
-1.203349999999999937e+02 3.574000000000000199e+01
-1.203250000000000028e+02 3.574499999999999744e+01
-1.201500000000000057e+02 3.562500000000000000e+01
-1.202049999999999983e+02 3.563499999999999801e+01
-1.202150000000000034e+02 3.565999999999999659e+01
-1.202650000000000006e+02 3.567499999999999716e+01
-1.206650000000000063e+02 3.614000000000000057e+01
-1.203599999999999994e+02 3.585199999999999676e+01
-1.205450000000000017e+02 3.600999999999999801e+01
-1.204270000000000067e+02 3.584499999999999886e+01
-1.205949999999999989e+02 3.606499999999999773e+01
-1.206500000000000057e+02 3.610000000000000142e+01
-1.202349999999999994e+02 3.565999999999999659e+01
-1.206299999999999955e+02 3.611999999999999744e+01
-1.202199999999999989e+02 3.564000000000000057e+01
-1.205400000000000063e+02 3.599499999999999744e+01
