-124.165  47.410
-124.205  47.435
-124.240  47.400
-124.195  47.430
-124.210  47.440
-124.190  47.445
-122.880  48.270
-123.000  48.300
-122.975  48.415
-122.650  48.320
-122.740  48.310
-122.880  48.340
-122.800  48.330
-122.790  48.370
-122.890  48.320
-122.930  48.330
-123.030  48.350
-122.835  48.370
-122.800  48.250
-122.965  48.390
-122.915  48.270
-122.910  48.310
-122.905  48.370
-122.760  48.390
-122.830  48.340
-122.900  48.310
-123.000  48.310
-123.010  48.300
-122.990  48.300
-123.020  48.330
-122.995  48.320
-122.880  48.305
-122.755  48.350
-122.980  48.315
-122.970  48.300
-122.385  47.990
-122.900  48.340
-122.955  48.340
-122.850  48.400
-122.860  48.380
-122.850  48.370
-122.905  48.300
-122.930  48.330
-122.830  48.330
-122.825  48.370
-122.780  48.330
-122.810  48.300
-122.700  48.310
-122.720  48.295
-122.880  48.355
-122.790  48.360
-122.805  48.310
-122.410  48.020
-122.900  48.340
-122.790  48.290
-122.760  48.300
-122.810  48.240
-122.865  48.230
-122.750  48.300
-122.775  48.330
-122.710  48.330
-122.985  48.260
-122.760  48.310
-122.870  48.330
-122.820  48.300
-122.815  48.360
-122.795  48.320
-123.070  48.330
-123.010  48.325
-122.765  48.310
-122.920  48.320
-122.950  48.330
-122.840  48.290
-122.810  48.290
-122.830  48.300
-122.830  48.310
-122.945  48.320
-122.900  48.335
-122.710  48.290
-122.810  48.290
-122.820  48.300
-122.925  48.080
-122.735  48.050
-122.800  48.120
-122.830  48.110
-122.710  48.100
-122.900  48.130
-122.995  48.100
-122.690  48.100
-122.715  48.100
-122.840  48.010
-122.700  47.940
-122.860  48.155
-122.820  48.100
-122.860  48.090
-122.860  48.070
-122.900  47.980
-122.700  47.940
-122.890  48.025
-122.815  48.190
-122.950  48.090
-122.865  47.980
-122.820  48.085
-122.880  48.090
-122.810  48.050
-122.990  48.210
-122.750  47.995
-122.840  48.140
-122.900  48.155
-122.700  48.010
-122.965  48.190
-122.830  48.100
-122.960  48.195
-122.900  48.150
-122.740  48.120
-122.940  48.195
-122.960  48.200
-122.965  48.110
-122.960  48.085
-122.715  47.920
-122.680  47.920
-122.830  47.980
-122.950  48.200
-122.710  48.010
-122.820  48.085
-122.840  48.070
-122.800  48.040
-122.800  48.050
-122.845  48.070
-122.810  48.020
-122.900  48.080
-122.870  48.080
-123.015  48.080
-122.980  48.090
-122.910  48.020
-122.880  48.110
-122.815  48.000
-122.990  48.095
-122.810  48.030
-122.810  48.030
-122.780  48.070
-122.735  48.100
-122.950  48.180
-122.810  48.090
-122.790  48.110
-122.790  48.120
-122.905  48.030
-122.900  48.040
-122.925  48.020
-122.850  48.000
-123.175  47.300
-123.200  47.300
-122.840  48.020
-122.940  48.030
-122.910  48.110
-122.810  48.090
-122.900  48.090
-122.890  48.080
-122.990  48.015
-122.730  47.990
-122.830  48.090
-122.830  48.100
-122.755  48.030
-122.870  48.070
-123.020  48.120
-122.870  48.070
-122.870  48.070
-122.880  48.080
-122.880  48.080
-122.920  48.135
-122.900  48.160
-122.910  48.120
-122.830  47.995
-122.860  48.085
-122.790  48.020
-122.900  48.090
-122.860  47.950
-122.880  48.060
-122.930  48.060
-122.790  47.990
-122.830  48.030
-122.860  48.090
-122.810  48.020
-122.910  48.070
-122.900  48.070
-122.910  48.020
-122.900  48.030
-122.890  48.110
-122.290  48.310
-123.410  47.980
-123.400  47.970
-123.000  47.520
-123.200  48.280
-122.325  47.800
-123.600  47.740
-122.620  47.760
-123.700  47.800
-122.600  47.790
-122.510  47.800
-122.575  47.810
-122.590  47.810
-122.495  47.760
-122.675  47.815
-122.600  47.770
-122.530  47.790
-122.530  47.790
-122.600  47.780
-123.590  47.700
-122.650  47.820
-122.610  47.810
-122.510  47.835
-123.620  47.720
-122.610  47.790
-122.620  47.800
-122.575  47.800
-122.290  47.820
-122.640  47.810
-123.700  48.800
-122.805  47.770
-123.320  47.800
-123.295  47.990
-122.810  47.785
-122.990  47.780
-122.945  47.820
-122.890  47.680
-123.030  47.830
-123.330  47.810
-122.750  47.800
-123.000  47.875
-122.990  47.810
-122.790  47.840
-123.000  47.925
-122.870  47.660
-123.690  47.980
-123.680  48.020
-123.320  47.800
-122.875  47.695
-123.170  47.710
-122.885  47.870
-123.000  47.730
-123.075  47.670
-122.970  47.700
-122.695  47.725
-122.710  47.720
-123.400  47.690
-122.910  47.690
-122.970  47.780
-122.820  47.810
-122.815  47.610
-122.995  47.730
-122.970  47.665
-122.790  47.770
-122.920  47.680
-122.690  47.710
-122.965  47.705
-123.080  47.780
-122.800  47.730
-122.900  47.950
-122.790  47.590
-122.760  47.630
-122.760  47.660
-122.775  47.710
-123.005  47.700
-122.670  47.590
-122.870  47.610
-122.960  47.805
-122.900  47.615
-122.890  47.675
-122.675  47.590
-122.900  47.690
-123.210  47.680
-122.880  47.670
-122.860  47.690
-122.880  47.620
-123.700  48.010
-123.010  47.900
-122.890  47.600
-123.150  47.705
-123.165  47.740
-123.040  47.650
-123.050  47.675
-123.195  47.770
-122.910  47.715
-122.750  47.715
-122.900  47.790
-122.720  47.695
-122.900  47.750
-123.040  47.830
-122.970  47.700
-123.000  47.710
-122.900  47.655
-122.925  47.655
-122.920  47.690
-122.900  47.710
-122.900  47.680
-123.010  47.610
-122.730  47.590
-122.815  47.710
-122.720  47.620
-122.930  47.700
-122.810  47.610
-122.800  47.620
-122.900  47.670
-122.850  47.580
-122.700  47.760
-122.800  47.785
-123.240  47.780
-122.720  47.700
-122.720  47.620
-122.730  47.710
-122.720  47.730
-122.910  47.705
-122.810  47.690
-122.690  47.700
-122.900  47.805
-122.875  47.770
-122.850  47.810
-122.730  47.700
-122.730  47.710
-122.900  47.770
-122.955  47.740
-123.800  48.100
-122.840  47.720
-122.780  47.720
-122.860  47.700
-122.740  47.690
-122.750  47.730
-122.845  47.720
-122.830  47.780
-122.755  47.700
-122.760  47.800
-122.905  47.700
-123.090  47.770
-122.895  47.720
-122.740  47.700
-122.850  47.760
-122.970  47.930
-122.880  47.680
-123.020  47.810
-122.810  47.780
-122.880  47.790
-122.880  47.770
-122.700  47.700
-122.860  47.720
-122.830  47.830
-122.865  47.780
-122.625  47.710
-122.805  47.730
-122.835  47.710
-122.720  47.700
-122.720  47.710
-122.730  47.715
-122.900  47.670
-122.730  47.700
-122.915  47.700
-122.720  47.710
-122.740  47.715
-122.860  47.820
-122.730  47.700
-122.700  47.720
-122.710  47.710
-122.865  47.775
-122.780  47.710
-122.745  47.690
-122.680  47.680
-122.740  47.680
-122.740  47.700
-122.910  47.785
-122.720  47.720
-122.750  47.740
-122.900  47.750
-122.805  47.760
-122.800  47.690
-123.010  47.790
-123.040  47.815
-122.900  47.810
-122.870  47.710
-122.938  47.825
-122.875  47.770
-122.980  47.690
-122.710  47.720
-122.820  47.720
-122.870  47.800
-122.755  47.735
-122.760  47.780
-122.765  47.765
-122.735  47.730
-122.750  47.720
-122.700  47.690
-122.710  47.695
-122.780  47.700
-122.823  47.815
-122.770  47.720
-122.720  47.680
-122.700  47.670
-122.715  47.740
-123.165  47.800
-122.910  47.800
-122.960  47.870
-123.035  47.850
-122.730  47.720
-122.980  47.720
-122.880  47.615
-123.030  47.720
-123.020  47.720
-123.460  47.780
-122.970  47.690
-123.185  47.820
-122.900  47.670
-123.400  47.790
-122.890  47.690
-123.405  47.775
-123.390  47.890
-123.555  47.790
-122.950  47.730
-123.060  47.690
-122.940  47.610
-122.980  47.690
-123.680  47.820
-122.820  47.590
-123.105  47.690
-123.120  47.670
-123.570  47.790
-123.110  47.690
-122.980  47.620
-123.240  47.700
-122.860  47.690
-123.200  47.670
-122.915  47.660
-123.000  47.660
-123.015  47.720
-122.980  47.700
-123.120  47.780
-123.020  47.685
-123.000  47.700
-123.040  47.620
-122.980  47.700
-123.005  47.690
-122.790  47.600
-123.185  47.710
-122.895  47.685
-123.400  47.840
-123.690  47.800
-123.510  47.810
-122.980  47.690
-123.100  47.770
-123.200  47.800
-123.520  47.890
-123.390  47.870
-122.980  47.710
-122.910  47.720
-123.550  47.850
-122.480  47.580
-123.470  47.870
-123.060  47.690
-122.900  47.660
-123.120  47.685
-123.180  47.770
-123.040  47.760
-123.110  47.790
-123.120  47.780
-123.030  47.750
-123.110  47.760
-123.020  47.690
-122.980  47.720
-122.510  47.555
-123.040  47.690
-122.900  47.695
-123.200  47.730
-123.570  47.770
-122.780  47.640
-122.960  47.690
-123.030  47.670
-123.050  47.720
-123.270  47.770
-122.480  47.610
-123.100  47.740
-123.085  47.770
-122.920  47.690
-122.995  47.630
-122.540  47.560
-122.780  47.595
-123.200  47.700
-123.060  47.585
-122.920  47.860
-122.990  47.690
-123.100  47.710
-123.100  47.760
-122.910  47.690
-122.810  47.680
-122.800  47.680
-123.080  47.775
-123.395  47.800
-122.950  47.610
-122.825  47.610
-122.875  47.600
-123.090  47.655
-122.940  47.620
-122.830  47.580
-122.985  47.695
-123.035  47.680
-122.975  47.690
-122.940  47.710
-122.920  47.700
-123.065  47.750
-123.030  47.720
-123.085  47.690
-122.850  47.580
-123.000  47.590
-122.950  47.775
-122.760  47.570
-122.950  47.775
-122.900  47.760
-122.930  47.720
-122.950  47.710
-123.130  47.600
-123.100  47.740
-123.120  47.770
-122.915  47.680
-122.895  47.690
-122.905  47.695
-123.385  47.815
-123.100  47.780
-123.010  47.690
-123.020  47.710
-123.150  47.700
-122.960  47.660
-123.005  47.680
-123.015  47.690
-122.995  47.710
-123.445  47.865
-122.730  47.670
-122.800  47.785
-122.735  47.690
-122.760  47.670
-122.855  47.690
-122.895  47.660
-122.855  47.715
-122.600  47.655
-122.700  47.720
-122.700  47.720
-122.695  47.710
-122.860  47.740
-123.100  47.770
-122.730  47.690
-122.895  47.510
-122.790  47.685
-122.710  47.680
-122.840  47.680
-122.770  47.640
-122.730  47.680
-122.825  47.645
-122.770  47.685
-122.970  47.600
-122.780  47.650
-122.855  47.630
-122.690  47.720
-122.640  47.700
-122.780  47.710
-122.810  47.690
-122.830  47.700
-122.845  47.670
-122.780  47.720
-122.740  47.860
-122.825  47.688
-122.915  47.570
-122.750  47.730
-122.812  47.680
-122.770  47.740
-122.780  47.690
-122.730  47.720
-122.755  47.730
-122.900  47.730
-122.740  47.720
-122.730  47.710
-122.750  47.605
-122.850  47.680
-122.750  47.668
-122.735  47.650
-122.780  47.700
-122.820  47.725
-122.697  47.790
-122.720  47.690
-122.840  47.700
-122.800  47.650
-122.880  47.680
-122.850  47.710
-122.850  47.700
-122.900  47.740
-122.748  47.740
-122.885  47.695
-122.755  47.740
-122.740  47.715
-122.645  47.810
-122.750  47.720
-122.920  47.580
-122.830  47.710
-122.695  47.750
-123.030  47.800
-123.000  47.830
-122.900  47.650
-123.135  47.695
-122.815  47.800
-122.730  47.730
-123.025  47.815
-123.010  47.800
-122.970  47.845
-123.095  47.530
-123.090  47.530
-122.740  47.710
-122.840  47.790
-123.200  47.750
-122.915  47.510
-122.910  47.540
-123.015  47.730
-122.700  47.700
-123.170  47.710
-122.910  47.765
-122.970  47.710
-122.938  47.795
-122.900  47.720
-122.965  47.720
-123.040  47.720
-122.985  47.670
-122.977  47.665
-123.110  47.780
-122.935  47.640
-122.870  47.800
-122.900  47.770
-122.825  47.770
-122.700  47.640
-122.970  47.795
-123.210  47.690
-122.910  47.670
-122.935  47.680
-122.750  47.600
-122.920  47.700
-122.955  47.690
-122.900  47.595
-123.220  47.800
-123.190  47.800
-123.160  47.720
-123.050  47.700
-123.095  47.700
-123.000  47.730
-122.880  47.690
-123.390  47.810
-122.885  47.685
-123.130  47.730
-122.880  47.765
-122.960  47.710
-122.910  47.680
-123.045  47.630
-122.780  47.690
-122.610  47.890
-122.675  47.780
-122.770  47.790
-123.130  47.707
-122.880  47.710
-122.900  47.670
-122.940  47.790
-123.100  47.720
-122.990  47.625
-123.100  47.710
-122.810  47.590
-122.890  47.630
-123.020  47.590
-123.200  47.735
-123.010  47.520
-123.150  47.775
-123.140  47.725
-123.020  47.630
-122.980  47.640
-123.005  47.660
-122.660  47.690
-123.095  47.710
-122.830  47.635
-122.822  47.665
-122.975  47.665
-122.965  47.705
-122.940  47.690
-123.045  47.690
-123.000  47.730
-123.100  47.700
-123.000  47.660
-123.040  47.610
-122.983  47.660
-122.805  47.685
-122.895  47.697
-123.080  47.600
-122.810  47.570
-122.820  47.590
-123.040  47.585
-123.300  47.690
-123.170  47.600
-123.010  47.690
-122.890  47.690
-123.230  47.640
-123.015  47.670
-122.600  47.880
-123.000  47.670
-123.400  47.810
-122.910  47.710
-122.590  47.680
-123.300  47.640
-122.960  47.690
-122.940  47.680
-123.020  47.680
-122.900  47.670
-123.025  47.715
-122.990  47.720
-123.210  47.740
-123.290  47.660
-123.100  47.760
-122.775  47.620
-122.675  47.780
-123.200  47.740
-123.030  47.680
-123.010  47.600
-122.690  47.580
-123.110  47.770
-123.050  47.740
-123.030  47.710
-123.040  47.720
-123.000  47.730
-122.930  47.680
-122.900  47.690
-122.930  47.690
-123.100  47.650
-122.722  47.633
-123.050  47.730
-122.828  47.635
-122.835  47.660
-122.875  47.660
-122.770  47.670
-122.743  47.720
-122.815  47.627
-122.865  47.627
-122.855  47.635
-122.840  47.655
-122.785  47.620
-122.760  47.640
-122.915  47.680
-122.945  47.770
-122.960  47.675
-122.955  47.670
-122.925  47.670
-122.855  47.817
-122.900  47.670
-122.820  47.680
-123.060  47.870
-122.950  47.730
-122.870  47.800
-122.830  47.705
-122.845  47.715
-122.805  47.705
-122.995  47.685
-122.800  47.640
-122.800  47.595
-122.795  47.580
-122.795  47.640
-122.740  47.600
-122.762  47.722
-122.945  47.735
-122.895  47.690
-122.880  47.910
-122.870  47.700
-123.440  47.780
-123.020  47.600
-122.970  47.630
-122.793  47.645
-122.920  47.595
-123.125  47.540
-123.100  47.630
-122.852  47.692
-123.090  47.500
-122.810  47.790
-122.990  47.680
-123.130  47.610
-122.790  47.720
-123.400  47.780
-123.020  47.810
-122.815  47.675
-122.850  47.705
-122.800  47.660
-123.000  47.810
-122.735  47.630
-122.795  47.675
-122.890  47.740
-122.900  47.730
-123.110  47.810
-123.100  47.785
-123.110  47.800
-122.925  47.690
-122.980  47.700
-122.882  47.812
-123.075  47.730
-123.030  47.730
-123.072  47.650
-123.085  47.680
-123.050  47.730
-123.100  47.775
-122.615  47.600
-123.000  47.700
-122.900  47.610
-123.145  47.720
-123.110  47.710
-123.090  47.710
-123.290  47.810
-123.120  47.790
-123.000  47.735
-123.015  47.860
-123.335  47.800
-123.010  47.710
-123.145  47.705
-122.810  47.760
-123.090  47.725
-122.860  47.610
-122.985  47.795
-122.820  47.565
-122.850  47.627
-122.800  47.640
-123.295  47.840
-122.800  47.540
-122.790  47.560
-123.060  47.730
-122.710  47.580
-123.420  47.920
-123.100  47.790
-123.060  47.790
-123.155  47.825
-123.010  47.615
-123.030  47.695
-123.100  47.750
-123.037  47.725
-122.830  47.600
-123.250  47.830
-123.000  47.630
-122.725  47.690
-123.290  47.820
-123.140  47.720
-123.150  47.730
-123.220  47.800
-123.255  47.725
-122.670  47.710
-123.250  47.735
-122.770  47.570
-122.720  47.700
-123.110  47.730
-122.790  47.790
-123.265  47.745
-122.850  47.500
-123.080  47.820
-123.203  47.755
-123.085  47.710
-123.385  47.740
-123.110  47.700
-123.230  47.770
-123.030  47.870
-123.270  47.810
-123.115  47.645
-123.190  47.660
-123.040  47.595
-122.650  47.720
-123.370  47.750
-122.820  47.680
-123.145  47.748
-123.317  47.745
-123.440  47.830
-122.800  47.720
-122.650  47.750
-123.050  47.720
-123.110  47.700
-123.005  47.670
-122.725  47.830
-122.810  47.610
-122.785  47.665
-122.815  47.668
-123.310  47.730
-123.385  47.800
-123.075  47.700
-122.950  47.950
-123.115  47.790
-122.975  47.720
-123.005  47.727
-123.080  47.710
-123.100  47.710
-123.080  47.615
-123.300  47.720
-123.180  47.740
-123.257  47.688
-123.160  47.730
-123.220  47.720
-122.980  47.900
-123.285  47.710
-123.175  47.710
-123.070  47.730
-122.710  47.720
-122.995  47.765
-123.025  47.695
-122.935  47.700
-123.100  47.720
-123.335  47.800
-122.970  47.655
-122.980  47.730
-122.985  47.745
-123.200  47.800
-122.890  47.590
-123.065  47.730
-123.080  47.770
-122.730  47.705
-122.885  47.740
-122.838  47.735
-123.020  47.670
-122.838  47.770
-123.010  47.720
-123.028  47.708
-122.790  47.730
-123.000  47.740
-122.977  47.780
-123.080  47.810
-123.078  47.672
-123.090  47.730
-122.990  47.770
-123.200  47.740
-123.140  47.720
-123.190  47.630
-122.953  47.520
-122.725  47.627
-122.722  47.608
-122.700  47.590
-122.700  47.590
-122.963  47.605
-122.767  47.665
-122.735  47.645
-122.990  47.555
-122.680  47.560
-122.720  47.570
-122.955  47.595
-123.030  47.900
-123.380  47.910
-122.680  47.590
-122.700  47.560
-122.865  47.630
-123.235  47.800
-122.690  47.570
-122.840  47.610
-122.880  47.610
-122.892  47.620
-123.360  47.690
-122.630  47.500
-122.800  47.600
-122.700  47.590
-122.710  47.590
-122.745  47.510
-123.220  47.730
-123.260  47.805
-122.810  47.700
-122.610  47.920
-123.300  47.825
-123.105  47.730
-123.250  47.740
-123.140  47.780
-123.040  47.770
-123.225  47.800
-123.270  47.830
-122.660  47.510
-122.790  47.570
-122.910  47.580
-123.425  47.820
-123.132  47.648
-122.802  47.620
-122.710  47.700
-122.730  47.620
-122.640  47.600
-122.690  47.610
-122.782  47.620
-122.775  47.640
-122.805  47.590
-122.725  47.580
-122.645  47.640
-122.780  47.657
-122.780  47.670
-122.920  47.633
-122.745  47.550
-122.760  47.610
-122.710  47.640
-122.820  47.730
-122.700  47.627
-122.835  47.605
-122.770  47.645
-122.860  47.600
-122.737  47.660
-122.735  47.715
-122.765  47.630
-122.812  47.680
-122.810  47.680
-122.787  47.722
-122.800  47.610
-122.735  47.610
-123.065  47.540
-122.620  47.720
-122.790  47.640
-122.835  47.655
-122.750  47.600
-122.730  47.590
-122.920  47.700
-122.810  47.680
-122.775  47.680
-122.805  47.680
-123.270  47.610
-122.820  47.665
-122.850  47.655
-123.270  47.750
-122.865  47.600
-122.740  47.620
-123.005  47.880
-122.860  47.520
-122.880  47.800
-123.190  47.800
-122.880  47.610
-122.725  47.720
-122.730  47.680
-122.805  47.730
-123.335  47.710
-123.070  47.900
-122.920  47.880
-122.750  47.720
-122.900  47.850
-122.830  47.800
-122.800  47.850
-122.820  47.720
-122.940  47.715
-122.620  47.850
-123.100  47.880
-122.750  47.615
-123.000  47.780
-122.810  47.740
-122.840  47.625
-122.863  47.638
-123.073  47.653
-122.825  47.760
-122.820  47.600
-122.890  47.650
-123.580  47.800
-122.760  47.500
-122.955  47.860
-123.260  47.735
-123.080  47.720
-123.065  47.710
-123.120  47.780
-122.700  47.810
-122.910  47.770
-123.000  47.755
-122.990  47.740
-122.920  47.770
-122.930  47.720
-122.845  47.710
-122.885  47.612
-122.942  47.695
-123.010  47.600
-122.810  47.500
-122.725  47.565
-123.045  47.800
-123.010  47.790
-122.965  47.800
-123.000  47.770
-122.880  47.770
-122.790  47.680
-122.900  47.780
-122.890  47.770
-122.790  47.520
-123.130  47.765
-122.780  47.710
-122.705  47.685
-122.750  47.690
-122.790  47.640
-122.672  47.610
-122.970  47.860
-123.052  47.660
-123.050  47.685
-123.065  47.730
-122.630  47.680
-122.805  47.640
-123.060  47.610
-122.840  47.710
-122.570  47.920
-122.940  47.720
-122.990  47.730
-122.965  47.740
-123.030  47.740
-122.942  47.703
-122.925  47.705
-123.095  47.790
-122.990  47.700
-122.905  47.765
-122.710  47.920
-122.980  47.720
-122.958  47.650
-123.025  47.647
-122.980  47.665
-122.600  47.710
-123.100  47.810
-122.990  47.680
-122.980  47.710
-122.873  47.638
-122.850  47.600
-122.910  47.790
-122.935  47.775
-122.945  47.700
-122.710  47.680
-122.800  47.740
-122.810  47.740
-123.360  47.720
-122.832  47.718
-122.862  47.695
-122.678  47.605
-122.977  47.737
-122.960  47.680
-122.980  47.680
-122.930  47.685
-122.870  47.700
-122.880  47.675
-122.972  47.680
-122.770  47.635
-122.940  47.700
-122.890  47.550
-122.812  47.675
-123.090  47.750
-123.040  47.725
-123.142  47.700
-123.030  47.860
-122.995  47.800
-122.605  47.650
-122.680  47.910
-123.070  47.780
-122.820  47.805
-122.890  47.700
-122.805  47.620
-123.100  47.730
-122.830  47.660
-122.655  47.560
-122.710  47.590
-122.895  47.805
-122.800  47.720
-122.550  47.620
-123.070  47.730
-123.020  47.880
-123.055  47.800
-123.310  47.720
-123.100  47.820
-123.090  47.880
-122.922  47.870
-122.930  47.820
-123.240  47.780
-123.150  47.720
-122.810  47.670
-122.993  47.735
-123.230  47.720
-123.160  47.700
-122.820  47.685
-123.160  47.720
-123.180  47.680
-123.155  47.685
-122.730  47.620
-123.195  47.693
-123.260  47.720
-123.102  47.725
-122.960  47.705
-123.240  47.550
-123.120  47.685
-123.120  47.620
-123.028  47.540
-122.610  47.930
-122.820  47.600
-122.650  47.710
-123.070  47.645
-123.190  47.680
-123.095  47.700
-123.245  47.730
-122.950  47.710
-122.970  47.540
-122.800  47.580
-123.040  47.530
-123.070  47.720
-122.945  47.810
-123.007  47.688
-123.205  47.810
-123.030  47.760
-123.120  47.690
-122.930  47.800
-123.430  47.810
-123.030  47.700
-123.025  47.780
-122.915  47.760
-122.980  47.735
-122.975  47.745
-122.970  47.750
-122.898  47.730
-123.015  47.697
-123.170  47.630
-123.213  47.657
-123.010  47.707
-122.980  47.810
-123.082  47.705
-123.097  47.740
-123.210  47.788
-123.153  47.795
-123.240  47.620
-123.210  47.735
-123.045  47.600
-122.925  47.800
-122.990  47.590
-123.095  47.835
-122.930  47.710
-122.920  47.920
-122.870  47.690
-122.580  47.880
-123.050  47.740
-122.480  47.800
-123.010  47.610
-123.270  47.780
-122.890  47.730
-123.240  47.740
-122.930  47.910
-123.155  47.680
-123.060  47.683
-123.010  47.700
-122.900  47.890
-123.160  47.650
-123.080  47.700
-123.140  47.920
-123.005  47.710
-122.600  47.900
-123.500  47.880
-123.090  47.770
-122.765  47.580
-123.030  47.610
-123.017  47.645
-122.933  47.660
-123.127  47.532
-123.200  47.565
-123.365  47.800
-123.340  47.700
-123.200  47.720
-123.405  47.800
-122.990  47.700
-123.120  47.780
-123.015  47.730
-123.160  47.820
-123.210  47.810
-123.180  47.710
-123.090  47.810
-123.090  47.610
-122.630  47.690
-123.115  47.630
-122.680  47.710
-123.090  47.575
-122.940  47.610
-122.975  47.730
-123.425  47.720
-123.225  47.690
-123.160  47.685
-123.140  47.790
-123.100  47.740
-123.010  47.820
-123.118  47.790
-123.145  47.615
-123.030  47.680
-123.055  47.605
-122.980  47.520
-123.100  47.600
-123.215  47.580
-122.680  47.710
-122.845  47.760
-123.020  47.830
-123.010  47.850
-123.050  47.785
-123.115  47.645
-122.735  47.710
-122.905  47.510
-123.195  47.660
-123.310  47.710
-123.120  47.720
-122.845  47.780
-123.140  47.830
-123.047  47.780
-123.475  47.920
-123.100  47.820
-123.410  47.780
-123.300  47.755
-123.200  47.820
-123.230  47.770
-123.080  47.740
-123.120  47.740
-123.400  47.710
-123.440  47.900
-123.100  47.520
-123.135  47.540
-122.900  47.670
-122.820  47.570
-123.100  47.680
-123.310  47.920
-123.250  47.670
-123.440  47.960
-123.145  47.700
-123.400  47.800
-123.270  47.860
-123.080  47.540
-123.030  47.530
-123.110  47.530
-122.870  47.510
-123.540  47.780
-122.860  47.710
-123.075  47.670
-123.280  47.805
-123.500  47.830
-123.020  47.590
-122.920  47.560
-123.150  47.530
-122.825  47.610
-123.270  47.700
-123.100  47.510
-123.540  47.800
-123.350  47.700
-123.130  47.500
-123.140  47.540
-123.135  47.670
-123.072  47.630
-122.990  47.710
-122.938  47.725
-122.935  47.720
-123.088  47.722
-123.130  47.730
-123.162  47.700
-123.150  47.700
-123.140  47.740
-123.110  47.700
-123.043  47.672
-123.230  47.790
-123.200  47.740
-123.060  47.700
-122.920  47.700
-122.850  47.620
-122.817  47.547
-123.285  47.650
-122.960  47.860
-123.095  47.710
-123.070  47.790
-123.070  47.740
-122.963  47.680
-123.295  47.870
-123.380  47.955
-123.020  47.625
-123.040  47.720
-123.240  47.790
-123.165  47.580
-123.100  47.760
-122.890  47.850
-122.910  47.845
-123.060  47.790
-123.030  47.810
-123.100  47.860
-123.210  47.610
-123.220  47.610
-123.000  47.580
-123.030  47.620
-123.015  47.760
-122.870  47.720
-122.900  47.675
-123.020  47.630
-122.930  47.570
-122.880  47.710
-122.970  47.740
-122.815  47.630
-122.993  47.625
-123.010  47.610
-122.885  47.610
-122.912  47.733
-122.880  47.612
-122.945  47.590
-122.960  47.605
-123.015  47.580
-123.085  47.550
-123.070  47.870
-123.115  47.790
-122.800  47.630
-123.000  47.850
-123.010  47.898
-122.945  47.883
-122.890  47.825
-123.000  47.790
-123.130  47.510
-122.710  47.600
-122.850  47.520
-122.820  47.570
-122.900  47.570
-122.980  47.810
-122.938  47.855
-122.935  47.785
-123.210  47.665
-123.090  47.825
-122.890  47.735
-122.850  47.645
-122.780  47.635
-122.830  47.677
-122.905  47.635
-122.928  47.588
-122.920  47.543
-122.705  47.600
-122.917  47.570
-122.870  47.620
-122.938  47.585
-122.785  47.550
-122.820  47.550
-122.860  47.510
-123.290  47.525
-123.300  47.730
-122.950  47.795
-123.200  47.775
-123.170  47.920
-123.075  47.700
-123.205  47.745
-123.030  47.540
-123.100  47.770
-122.940  47.695
-123.110  47.740
-122.945  47.700
-122.975  47.795
-122.640  47.720
-122.890  47.785
-122.990  47.800
-123.095  47.830
-123.170  47.610
-122.880  47.895
-122.890  47.870
-122.910  47.640
-123.000  47.580
-123.035  47.575
-123.210  47.720
-122.980  47.590
-123.030  47.690
-122.945  47.765
-122.650  47.720
-123.000  47.600
-122.860  47.600
-123.010  47.610
-123.325  47.870
-123.045  47.790
-122.860  47.920
-123.190  47.770
-123.150  47.740
-122.950  47.580
-122.965  47.530
-123.028  47.690
-122.990  47.620
-123.040  47.710
-123.025  47.663
-122.990  47.600
-122.865  47.650
-122.830  47.700
-122.942  47.685
-123.020  47.680
-123.040  47.600
-123.145  47.737
-122.990  47.705
-122.860  47.520
-123.170  47.710
-123.115  47.670
-123.215  47.620
-123.200  47.610
-123.060  47.610
-123.150  47.570
-122.695  47.660
-122.650  47.700
-122.670  47.730
-122.980  47.500
-122.505  47.790
-122.900  47.630
-123.430  47.880
-123.075  47.840
-123.080  47.830
-123.420  47.870
-122.680  47.670
-123.060  47.620
-123.450  47.820
-122.905  47.635
-123.050  47.655
-123.380  47.900
-123.065  47.605
-122.910  47.610
-122.925  47.650
-123.500  47.790
-122.930  47.565
-123.123  47.650
-123.115  47.625
-123.125  47.683
-123.210  47.810
-123.165  47.770
-123.150  47.730
-122.980  47.890
-123.170  47.705
-123.150  47.725
-123.160  47.710
-123.065  47.680
-123.160  47.680
-122.650  47.720
-123.130  47.790
-123.155  47.730
-123.210  47.640
-122.870  47.680
-123.200  47.520
-123.200  47.700
-122.770  47.715
-122.735  47.608
-123.090  47.620
-122.675  47.620
-122.605  47.590
-122.680  47.610
-122.755  47.615
-122.800  47.665
-122.745  47.648
-122.800  47.660
-122.752  47.695
-122.780  47.665
-122.775  47.630
-122.700  47.690
-123.080  47.830
-122.725  47.650
-122.810  47.680
-123.000  47.550
-123.080  47.700
-123.015  47.900
-122.845  47.520
-122.800  47.850
-122.800  47.560
-123.020  47.720
-123.160  47.510
-123.153  47.538
-123.160  47.750
-123.190  47.490
-123.000  47.900
-123.200  47.640
-122.920  47.680
-123.090  47.595
-123.072  47.560
-123.102  47.608
-123.170  47.540
-122.980  47.910
-123.530  47.840
-123.010  47.930
-122.825  48.005
-122.870  48.010
-122.900  47.830
-123.170  47.770
-122.920  47.770
-123.165  47.758
-122.770  47.700
-122.915  47.770
-122.925  47.830
-123.165  47.595
-122.990  47.870
-122.960  47.800
-122.860  47.790
-122.890  47.880
-123.000  47.760
-123.090  47.805
-122.797  47.560
-122.900  47.690
-123.010  47.710
-123.240  47.720
-123.185  47.610
-122.990  47.670
-122.940  47.680
-123.050  47.730
-123.050  47.700
-123.150  47.690
-123.400  47.530
-123.035  47.785
-122.987  47.657
-123.045  47.610
-123.130  47.595
-122.940  47.740
-122.975  47.680
-123.040  47.660
-122.873  47.630
-122.832  47.612
-122.825  47.595
-122.835  47.630
-123.157  47.570
-123.550  47.890
-122.605  47.580
-122.947  47.615
-122.940  47.600
-122.740  47.620
-122.903  47.560
-122.920  47.722
-122.833  47.740
-122.810  47.590
-122.720  47.610
-123.000  47.725
-123.047  47.690
-123.162  47.662
-122.850  47.690
-123.335  47.565
-122.915  47.825
-123.330  47.685
-122.830  47.900
-123.260  47.770
-123.110  47.830
-123.090  47.810
-122.620  47.620
-123.050  47.825
-123.015  47.830
-123.365  47.770
-123.110  47.630
-123.010  47.840
-123.295  47.530
-123.050  47.880
-123.110  47.850
-123.105  47.820
-123.410  47.780
-123.160  47.580
-123.180  47.615
-122.910  47.980
-122.920  47.990
-123.097  47.510
-123.310  47.860
-123.295  47.770
-123.365  47.730
-123.200  47.880
-123.535  47.810
-123.020  47.640
-123.480  47.770
-123.125  47.575
-123.005  47.815
-123.450  47.790
-123.090  47.712
-122.795  47.990
-123.100  47.930
-122.880  48.030
-122.890  48.030
-122.910  47.900
-123.270  47.610
-123.170  47.560
-123.320  47.680
-123.260  47.690
-122.950  47.840
-123.330  47.720
-123.395  47.710
-123.260  47.675
-123.210  47.710
-123.485  47.610
-123.255  47.510
-123.190  47.680
-123.600  47.930
-123.315  47.810
-122.845  48.010
-123.100  47.780
-123.030  47.760
-123.050  47.850
-123.190  47.875
-123.020  47.830
-122.980  47.840
-123.300  47.720
-123.085  47.860
-123.030  47.890
-123.365  47.630
-122.820  47.515
-122.795  47.705
-122.900  47.945
-122.900  47.960
-123.150  47.920
-123.200  47.685
-123.100  47.500
-123.195  47.532
-123.310  47.630
-122.870  47.980
-123.153  47.520
-122.830  47.965
-123.015  47.980
-122.710  47.810
-123.200  47.540
-123.390  47.630
-123.120  47.510
-123.100  47.520
-123.300  47.530
-123.200  47.490
-123.390  47.590
-123.300  47.580
-123.610  47.680
-122.850  48.040
-122.920  47.950
-122.903  47.830
-122.900  47.885
-123.080  47.890
-123.010  47.910
-122.870  47.990
-123.170  47.760
-122.890  48.000
-123.095  47.820
-123.010  48.005
-123.050  47.980
-123.062  47.630
-123.142  47.725
-123.095  47.650
-123.005  47.550
-123.190  47.660
-123.290  47.820
-123.480  47.820
-123.130  47.520
-123.300  47.710
-123.080  47.510
-122.960  47.550
-123.045  47.625
-123.230  47.740
-123.072  47.860
-122.970  47.860
-123.010  47.820
-123.020  47.840
-123.140  47.860
-123.220  47.683
-123.237  47.672
-123.320  47.700
-123.240  47.610
-123.160  47.760
-123.000  47.880
-123.240  47.740
-122.920  47.980
-123.248  47.688
-123.350  47.830
-123.225  47.735
-123.267  47.710
-123.475  47.810
-123.200  47.630
-123.225  47.790
-123.340  47.750
-123.690  47.900
-123.095  47.670
-123.090  47.680
-123.125  47.770
-123.145  47.705
-123.040  47.755
-123.065  47.735
-123.175  47.710
-123.170  47.805
-123.120  47.855
-122.940  47.910
-122.840  48.030
-123.230  47.730
-123.310  47.825
-123.125  47.780
-123.200  47.785
-122.850  47.790
-122.920  47.770
-123.000  47.820
-123.160  47.910
-123.610  47.880
-122.760  47.590
-123.090  47.640
-122.980  47.800
-123.160  47.610
-122.785  47.590
-122.870  47.587
-122.880  47.595
-122.800  47.930
-123.330  47.620
-122.670  47.650
-123.105  47.600
-123.050  47.690
-122.990  47.645
-123.000  47.590
-123.120  47.615
-123.360  47.710
-122.815  47.730
-123.280  47.690
-122.980  47.910
-123.300  47.810
-123.020  47.810
-123.000  47.785
-123.390  48.010
-123.115  47.910
-123.198  47.822
-123.035  47.660
-123.125  47.665
-122.935  47.790
-123.420  47.700
-123.410  47.690
-123.385  47.700
-123.355  47.710
-123.405  48.010
-123.405  48.015
-123.090  47.910
-122.680  47.650
-123.060  47.620
-123.050  47.620
-123.215  47.700
-123.265  47.700
-123.200  47.640
-123.355  47.710
-123.180  47.820
-123.000  47.800
-123.390  47.820
-123.350  47.700
-123.610  47.920
-123.075  47.790
-123.040  47.755
-122.995  47.730
-123.305  47.510
-123.025  47.790
-123.320  47.530
-123.160  47.700
-123.130  47.630
-123.600  47.805
-122.890  47.830
-123.200  47.685
-123.157  47.710
-123.100  47.795
-122.950  47.830
-123.050  47.800
-123.145  47.745
-123.160  47.680
-123.450  47.790
-123.255  47.810
-123.065  47.800
-123.260  47.720
-122.980  47.730
-123.000  47.710
-123.020  47.620
-123.300  47.720
-123.280  47.600
-122.985  47.620
-123.000  47.590
-123.148  47.610
-123.172  47.620
-123.380  47.780
-123.080  47.580
-123.210  47.640
-123.035  47.560
-123.105  47.575
-123.050  47.780
-123.210  47.550
-123.215  47.710
-123.030  47.700
-123.440  47.700
-123.200  47.680
-123.000  47.670
-122.890  47.890
-123.105  47.650
-123.028  47.722
-122.800  47.880
-123.185  47.745
-122.900  47.630
-123.250  47.755
-122.995  47.790
-123.235  47.800
-123.000  47.660
-123.105  47.680
-123.080  47.730
-122.975  47.810
-123.665  47.880
-123.320  47.720
-122.860  47.680
-123.155  47.855
-123.195  47.700
-123.235  47.670
-123.175  47.605
-123.150  47.660
-123.155  47.635
-123.155  47.605
-123.170  47.555
-123.320  47.688
-123.415  47.700
-123.300  47.650
-123.200  47.680
-123.235  47.565
-122.890  47.760
-123.070  47.510
-123.110  47.640
-123.410  47.760
-123.315  47.735
-123.317  47.705
-123.270  47.655
-123.295  47.650
-123.245  47.700
-123.252  47.705
-123.195  47.748
-123.243  47.785
-123.100  47.660
-123.325  47.610
-123.170  47.700
-123.370  47.720
-123.300  47.700
-123.270  47.650
-123.330  47.685
-123.275  47.690
-123.355  47.730
-123.453  47.678
-123.328  47.695
-123.190  47.600
-123.215  47.855
-123.180  47.860
-123.105  47.830
-123.140  47.820
-123.190  47.875
-123.075  47.905
-122.990  47.940
-123.127  47.828
-123.040  47.890
-123.012  47.722
-122.940  47.590
-123.010  47.703
-122.935  47.660
-123.000  47.730
-123.150  47.683
-123.170  47.570
-123.280  47.610
-123.070  47.505
-123.100  47.615
-123.115  47.633
-123.012  47.890
-123.225  47.840
-123.255  47.790
-123.180  47.910
-123.300  47.810
-123.130  47.830
-122.990  47.490
-123.390  47.900
-123.050  47.930
-123.200  47.930
-123.200  47.980
-123.170  47.670
-123.130  47.830
-122.920  47.510
-123.200  47.860
-123.130  47.890
-123.215  47.925
-123.155  47.930
-122.990  47.890
-123.270  47.890
-123.190  47.910
-123.280  47.790
-123.270  47.760
-123.350  47.730
-123.100  47.502
-123.170  47.900
-123.273  47.812
-123.020  47.920
-123.000  47.870
-123.330  47.955
-122.980  47.915
-123.265  47.935
-123.120  47.760
-123.060  47.800
-123.185  47.805
-123.070  47.870
-123.180  47.820
-123.010  47.980
-123.125  47.860
-123.028  47.883
-123.095  47.880
-123.050  47.825
-123.023  47.830
-123.207  47.858
-123.208  47.800
-123.280  47.885
-123.070  47.870
-123.115  47.850
-123.178  47.620
-122.975  47.805
-123.025  47.880
-123.270  47.890
-123.110  48.040
-123.070  47.890
-123.120  47.920
-123.170  47.515
-123.200  47.492
-123.200  47.485
-123.160  47.530
-123.192  47.620
-122.960  47.785
-123.100  47.770
-123.190  47.620
-123.230  47.665
-123.245  47.730
-123.125  47.770
-123.070  47.840
-123.050  47.860
-123.150  47.790
-123.210  47.823
-123.160  47.855
-123.050  47.680
-122.970  48.110
-123.150  47.425
-123.170  47.930
-123.180  48.050
-122.980  47.890
-123.120  47.785
-123.180  48.010
-123.160  47.810
-123.135  47.885
-123.280  47.880
-123.160  47.840
-123.090  47.915
-123.190  48.000
-123.140  47.920
-122.950  47.860
-122.960  47.890
-122.835  47.905
-122.895  47.900
-122.940  47.920
-123.180  48.010
-123.210  47.710
-123.100  47.965
-123.200  47.930
-123.130  47.930
-123.130  47.860
-123.155  47.990
-123.060  47.910
-123.110  47.900
-122.840  47.970
-123.170  47.810
-122.910  47.890
-123.260  47.850
-123.115  47.860
-122.998  47.905
-123.010  47.900
-123.130  47.900
-123.450  47.900
-123.205  47.900
-123.530  47.940
-123.080  47.930
-123.100  48.010
-123.250  47.780
-123.300  47.860
-123.160  47.910
-123.310  48.005
-123.335  47.990
-122.980  47.890
-123.515  47.960
-123.140  47.990
-122.900  47.990
-123.100  47.420
-123.195  47.780
-123.260  47.790
-123.320  47.800
-123.310  47.900
-123.200  48.000
-122.980  47.910
-123.000  47.910
-123.170  47.905
-123.270  47.790
-123.030  47.920
-123.200  47.880
-123.220  47.910
-123.000  47.410
-123.310  47.470
-123.220  47.790
-123.278  47.605
-123.175  47.508
-123.235  47.675
-123.205  47.530
-123.222  47.525
-123.235  47.880
-123.290  47.880
-123.070  47.945
-123.000  47.910
-123.220  47.930
-122.970  47.390
-123.260  47.960
-122.940  47.990
-122.920  48.090
-122.930  48.080
-123.010  48.080
-123.180  47.910
-122.995  48.005
-123.215  47.990
-123.450  47.850
-123.320  47.840
-122.935  48.150
-123.010  48.030
-122.925  47.900
-123.030  48.060
-123.110  48.010
-123.210  48.275
-123.100  47.610
-123.005  47.910
-122.955  47.925
-123.100  47.880
-123.110  47.805
-123.095  47.900
-123.045  47.910
-123.050  47.910
-123.080  47.920
-122.925  47.910
-123.155  47.915
-123.030  48.030
-123.000  47.510
-123.097  47.770
-123.095  47.900
-123.010  47.880
-122.990  47.920
-123.170  47.560
-123.080  47.565
-123.078  47.535
-123.073  47.495
-123.160  47.465
-123.105  47.490
-123.200  47.530
-123.190  47.580
-123.015  47.495
-123.005  47.920
-123.490  47.880
-122.995  47.890
-123.130  47.750
-123.300  47.830
-123.320  47.780
-123.335  47.790
-123.245  47.660
-123.285  47.700
-123.030  47.725
-123.010  47.873
-122.980  47.927
-123.380  47.820
-122.900  47.880
-123.170  47.810
-123.065  47.840
-123.005  47.840
-123.082  47.810
-123.080  47.920
-123.020  47.830
-123.032  47.780
-123.110  47.870
-123.180  47.905
-122.940  47.960
-123.120  47.800
-123.280  47.900
-123.150  47.900
-123.102  47.663
-123.210  47.720
-122.957  47.800
-122.955  47.710
-123.130  47.865
-123.090  47.870
-123.165  47.810
-123.225  47.700
-123.210  47.510
-123.190  47.535
-123.110  47.680
-123.235  47.748
-123.112  47.862
-123.140  47.730
-123.105  47.680
-123.243  47.790
-122.995  47.930
-123.190  47.720
-122.930  47.940
-122.910  47.920
-123.200  47.910
-123.210  47.630
-123.085  48.010
-123.110  47.610
-123.200  47.650
-122.885  47.620
-123.500  47.975
-123.180  47.720
-123.090  47.920
-123.320  47.700
-123.075  47.670
-122.980  47.663
-123.250  47.820
-122.865  47.430
-123.005  47.620
-123.000  47.550
-122.830  47.930
-122.870  47.950
-123.000  47.880
-122.990  47.890
-122.975  47.900
-122.825  47.950
-123.310  47.710
-122.925  47.790
-122.970  47.830
-122.870  47.910
-123.243  47.825
-123.110  47.610
-123.135  47.900
-123.170  47.830
-123.155  47.855
-123.280  47.820
-123.195  47.865
-123.120  47.930
-123.320  47.780
-123.255  47.835
-123.120  47.855
-123.170  47.900
-123.305  47.520
-123.200  47.450
-123.245  47.655
-123.010  47.930
-123.280  47.795
-123.062  47.630
-123.075  47.915
-122.995  47.500
-123.210  47.800
-122.940  47.840
-123.145  47.780
-123.245  47.625
-123.190  47.870
-123.305  47.530
-123.300  47.640
-123.002  47.883
-123.100  47.930
-123.000  47.630
-123.310  47.830
-123.300  47.830
-123.060  47.860
-123.100  47.950
-122.965  47.922
-123.020  47.905
-123.330  47.760
-123.270  47.830
-123.190  47.685
-123.025  47.620
-123.010  47.860
-123.160  47.780
-123.110  47.470
-123.125  47.980
-123.110  47.980
-123.075  47.920
-123.360  47.860
-123.180  47.822
-123.210  47.870
-123.280  47.970
-123.070  47.930
-122.940  47.960
-122.930  47.930
-122.990  47.950
-122.938  47.885
-123.055  47.865
-123.240  47.810
-123.125  47.840
-122.965  47.907
-123.000  47.883
-122.975  47.945
-123.125  47.890
-123.210  47.870
-123.150  47.898
-123.200  47.850
-123.180  47.880
-123.085  47.865
-123.100  47.870
-123.190  47.880
-123.070  47.915
-123.065  47.900
-123.075  47.900
-123.040  47.825
-123.130  47.910
-123.075  47.900
-123.150  47.840
-122.980  47.970
-123.010  47.820
-123.060  47.850
-123.037  47.855
-123.035  47.870
-123.170  47.850
-123.110  47.870
-123.110  47.885
-123.250  47.758
-123.045  47.790
-123.045  47.910
-123.080  47.870
-123.150  47.625
-122.915  47.960
-122.920  47.920
-123.120  47.780
-123.015  47.830
-123.118  47.775
-123.170  47.850
-123.010  47.830
-123.045  47.392
-123.030  47.500
-123.210  47.620
-122.890  47.480
-123.090  47.580
-122.940  47.930
-123.065  48.210
-123.390  47.710
-123.215  47.615
-122.970  47.430
-123.470  47.710
-123.300  48.110
-123.180  47.530
-123.075  47.545
-123.025  47.415
-123.015  47.453
-122.865  47.445
-122.950  47.420
-122.950  47.370
-123.050  47.447
-123.045  47.555
-122.875  47.415
-123.330  47.530
-123.035  47.460
-122.870  47.570
-122.895  47.485
-122.810  47.520
-123.073  47.385
-123.300  47.650
-123.155  47.870
-122.975  47.760
-123.180  47.900
-123.110  47.470
-123.150  47.920
-123.075  47.880
-123.120  47.880
-123.195  47.840
-123.095  47.890
-123.215  47.725
-123.110  47.890
-123.130  47.890
-123.090  47.820
-123.150  47.780
-122.995  47.830
-123.010  47.780
-123.000  47.745
-123.110  47.790
-122.410  47.720
-122.390  47.715
-123.360  47.660
-123.023  47.617
-123.200  47.770
-123.200  47.610
-123.395  47.860
-123.290  47.845
-123.170  47.500
-123.275  47.620
-123.280  47.880
-123.030  47.910
-123.095  47.950
-122.980  48.030
-123.380  47.890
-123.210  48.010
-123.300  47.940
-123.130  47.980
-123.150  47.980
-123.090  48.110
-123.010  48.220
-123.300  47.890
-123.400  47.830
-123.160  48.000
-123.065  47.910
-122.950  47.690
-123.270  47.960
-123.520  47.690
-123.400  47.400
-123.520  47.720
-123.010  47.420
-123.188  47.390
-123.195  47.407
-123.350  47.410
-122.930  47.430
-122.955  47.410
-123.100  47.430
-122.915  47.360
-123.140  48.090
-122.960  47.910
-123.190  48.000
-123.200  47.870
-123.220  48.010
-123.215  47.930
-123.185  47.980
-123.030  47.400
-123.005  47.430
-122.995  47.422
-122.945  47.425
-122.995  47.450
-123.058  47.450
-123.013  47.448
-122.873  47.475
-123.050  47.420
-122.890  47.350
-123.290  47.500
-122.900  47.420
-123.000  47.590
-122.990  47.590
-122.900  47.520
-123.290  47.720
-123.170  47.940
-122.970  47.620
-123.135  47.930
-123.140  47.415
-123.140  47.980
-123.190  47.950
-123.030  48.190
-123.110  48.210
-123.090  48.210
-122.980  48.170
-123.080  48.180
-123.005  47.410
-123.005  48.130
-123.210  47.880
-122.760  47.650
-123.215  47.890
-123.127  47.617
-123.190  47.720
-123.310  47.590
-123.150  47.510
-123.170  47.645
-123.070  47.530
-123.390  47.720
-123.070  47.520
-123.390  47.780
-123.330  48.010
-123.340  47.520
-123.090  47.550
-123.190  47.555
-123.000  47.490
-123.400  47.880
-122.835  47.487
-122.958  47.483
-122.995  47.490
-122.900  47.540
-122.900  47.430
-123.000  47.430
-122.912  47.575
-122.965  47.585
-123.010  47.535
-123.010  47.530
-123.100  47.600
-123.160  47.620
-123.053  47.578
-123.160  47.600
-123.190  47.625
-123.095  47.547
-123.195  47.890
-123.020  47.980
-123.220  47.900
-123.070  47.845
-123.115  47.880
-123.160  47.890
-122.950  47.410
-123.000  47.430
-122.990  47.975
-122.990  47.410
-123.080  47.405
-122.790  47.560
-123.095  47.440
-123.260  48.020
-123.290  48.020
-123.270  47.668
-123.390  47.690
-123.040  48.220
-123.100  47.470
-123.190  47.450
-123.300  47.562
-123.127  47.530
-123.192  47.615
-123.150  47.510
-122.980  47.470
-123.100  47.485
-123.280  47.680
-123.025  47.390
-122.930  47.420
-123.090  47.510
-123.120  47.410
-122.730  47.570
-122.810  47.560
-122.820  47.570
-123.140  47.905
-122.960  47.860
-123.350  47.710
-123.140  47.970
-123.300  47.890
-123.110  48.100
-123.320  48.170
-123.100  48.070
-123.180  48.000
-123.065  47.880
-123.240  47.960
-123.295  47.740
-123.270  47.865
-123.290  47.740
-123.335  47.755
-123.105  47.625
-123.010  47.640
-122.970  47.610
-122.998  47.415
-122.995  47.392
-123.000  47.360
-122.805  47.475
-123.250  47.840
-123.230  47.860
-122.970  48.090
-123.170  48.010
-123.140  47.960
-122.922  47.535
-122.915  47.530
-123.030  48.070
-122.770  47.620
-122.775  47.610
-122.405  47.700
-123.310  48.075
-122.970  47.610
-123.360  47.900
-122.920  47.640
-123.030  48.110
-122.990  47.600
-123.055  47.550
-122.770  47.530
-122.805  47.540
-123.190  47.885
-123.295  47.730
-123.110  48.000
-122.970  47.790
-122.745  47.640
-122.875  47.690
-123.135  48.025
-123.055  47.725
-123.100  47.640
-123.035  47.520
-123.045  47.520
-123.170  47.785
-123.150  47.950
-123.160  48.040
-123.360  47.910
-123.280  48.070
-123.010  48.020
-123.130  48.035
-123.210  48.080
-123.200  48.030
-123.165  48.060
-123.180  48.020
-123.090  48.040
-123.140  48.015
-123.030  48.150
-123.300  48.010
-123.190  48.010
-123.290  47.920
-123.300  48.030
-123.425  47.995
-123.190  48.210
-123.510  48.130
-123.160  48.220
-123.085  48.240
-123.040  48.120
-123.105  48.175
-123.040  48.200
-122.995  48.110
-122.980  48.080
-123.170  48.110
-123.210  48.020
-123.155  47.990
-122.920  48.110
-123.145  47.935
-123.270  47.990
-123.185  48.090
-123.170  48.065
-123.030  48.205
-123.115  48.130
-123.130  48.180
-122.930  48.180
-123.240  48.070
-123.190  48.085
-123.200  48.085
-123.200  48.100
-123.240  48.100
-123.295  48.070
-123.210  48.070
-123.320  48.030
-123.200  48.110
-123.200  48.120
-123.240  48.100
-123.090  47.430
-123.130  47.990
-123.130  48.000
-123.220  47.980
-123.200  48.010
-123.205  47.990
-123.140  48.000
-123.110  48.005
-123.240  47.970
-123.260  48.020
-123.160  47.400
-123.100  47.440
-123.305  47.990
-123.280  48.010
-123.260  48.030
-123.620  47.500
-123.150  48.140
-123.390  47.890
-123.070  48.125
-123.380  48.180
-123.080  48.180
-123.210  48.065
-123.140  48.140
-123.050  48.180
-123.020  48.220
-123.170  48.200
-123.470  48.230
-123.080  48.190
-123.480  48.240
-123.195  48.180
-123.320  48.170
-123.095  48.190
-123.305  47.910
-123.055  48.120
-123.120  48.210
-122.880  47.510
-123.270  48.020
-123.015  48.180
-123.265  48.120
-123.450  48.165
-123.370  47.910
-123.130  48.160
-123.275  47.985
-123.245  48.020
-123.180  48.110
-123.210  47.910
-123.215  47.940
-123.260  47.940
-123.170  48.090
-122.900  47.500
-123.200  48.060
-123.490  48.240
-123.410  48.000
-123.270  47.845
-123.370  47.890
-123.410  48.190
-123.050  48.230
-123.040  48.170
-123.220  48.240
-123.190  48.025
-123.105  47.490
-123.060  48.210
-123.085  48.220
-123.045  48.225
-122.970  48.200
-123.010  48.220
-123.120  48.160
-123.090  48.120
-123.220  48.130
-123.190  48.220
-123.105  48.250
-123.210  47.900
-123.020  48.050
-122.995  48.120
-123.245  47.990
-122.985  48.090
-123.310  47.780
-123.180  47.970
-123.290  47.920
-123.300  47.970
-123.310  47.940
-123.250  47.935
-123.320  47.950
-123.030  48.210
-123.085  47.960
-123.210  48.185
-123.335  48.165
-123.350  47.920
-122.970  47.410
-122.910  47.395
-123.055  47.420
-123.210  47.905
-123.090  48.040
-123.100  48.040
-123.170  47.955
-122.912  47.418
-122.887  47.405
-122.870  47.410
-122.925  47.425
-122.880  47.435
-123.145  47.405
-123.165  47.415
-123.090  47.890
-123.125  47.900
-123.445  47.930
-123.090  48.010
-123.175  47.990
-123.220  48.000
-123.210  47.955
-123.205  47.965
-123.180  47.930
-123.140  47.930
-123.070  48.000
-123.095  48.050
-122.995  47.350
-122.990  48.040
-123.270  47.915
-123.025  47.395
-123.320  47.920
-123.180  47.400
-123.340  47.940
-123.180  47.410
-123.380  48.180
-123.175  48.245
-123.160  48.020
-123.145  47.990
-123.200  47.915
-123.140  48.020
-123.370  47.990
-123.090  48.050
-123.010  47.430
-123.210  48.110
-123.070  48.070
-123.005  47.985
-123.080  47.920
-123.125  48.065
-123.175  48.050
-123.265  48.020
-123.050  48.000
-123.110  48.030
-123.205  48.030
-123.235  47.970
-123.080  47.990
-123.080  47.990
-123.200  47.930
-123.205  48.010
-123.225  47.980
-123.400  47.850
-123.110  47.390
-123.350  47.990
-123.140  48.030
-123.075  47.920
-123.420  47.905
-123.240  47.420
-122.985  48.080
-123.330  48.090
-123.250  48.110
-122.965  47.425
-122.925  47.430
-123.120  48.040
-123.145  48.055
-123.165  48.080
-123.210  48.080
-122.940  47.490
-122.950  47.470
-123.190  48.100
-123.200  48.020
-122.950  47.360
-123.285  47.990
-123.200  48.000
-123.215  48.000
-123.130  48.040
-123.195  48.030
-123.220  48.060
-123.210  48.070
-123.195  48.100
-123.175  47.995
-123.145  48.060
-123.085  48.040
-123.245  48.140
-123.270  48.080
-123.280  48.060
-123.310  47.880
-122.920  48.200
-123.240  48.025
-123.375  48.235
-123.210  48.100
-123.115  47.447
-123.365  47.840
-123.220  47.870
-123.100  47.440
-123.220  47.910
-123.225  47.900
-123.210  47.900
-123.185  47.895
-123.295  47.960
-123.270  47.880
-123.200  47.880
-123.110  48.010
-123.255  47.810
-123.260  47.810
-123.180  47.840
-123.290  47.810
-123.310  47.860
-123.070  47.410
-123.040  47.395
-123.105  47.490
-123.093  47.390
-122.990  47.375
-122.885  47.413
-123.002  47.370
-122.940  47.415
-122.942  47.390
-122.960  47.457
-122.970  47.440
-122.945  47.405
-122.900  47.425
-122.910  47.435
-122.940  47.457
-123.278  47.885
-123.305  47.907
-123.065  48.050
-123.070  48.010
-123.200  48.010
-123.280  48.000
-123.280  47.965
-123.030  48.110
-123.165  48.010
-123.280  47.940
-123.400  47.855
-123.090  47.965
-123.280  47.910
-123.200  48.210
-123.310  48.015
-123.060  48.330
-123.110  48.320
-123.270  48.200
-123.395  47.910
-123.125  48.045
-123.170  48.030
-123.090  48.180
-123.030  47.900
-123.060  48.040
-123.110  47.380
-123.000  47.445
-123.040  47.410
-123.160  47.320
-123.120  47.880
-122.990  47.925
-122.890  47.895
-122.905  47.870
-122.910  47.885
-123.010  47.900
-123.165  48.270
-123.015  47.920
-123.000  47.770
-122.930  47.790
-123.100  47.820
-123.030  47.790
-122.990  47.815
-123.020  48.220
-122.960  47.910
-122.940  48.210
-123.190  47.940
-122.875  47.890
-123.075  47.790
-123.165  47.950
-122.930  47.930
-123.018  47.415
-123.390  48.010
-123.200  47.860
-123.080  47.960
-122.900  47.990
-122.930  47.900
-122.900  47.925
-123.085  47.545
-123.075  47.970
-123.100  47.540
-123.100  48.015
-123.140  48.010
-123.350  47.700
-123.180  47.830
-123.105  47.920
-123.290  47.895
-123.115  47.925
-122.920  47.765
-123.370  48.025
-123.180  47.460
-123.180  48.025
-123.130  47.895
-123.090  47.990
-123.060  47.930
-123.065  47.930
-123.200  48.000
-123.090  47.457
-123.190  47.480
-123.157  47.435
-123.097  47.375
-123.065  47.380
-123.060  47.420
-122.885  47.420
-123.165  47.410
-123.100  47.440
-123.170  47.420
-122.900  47.430
-122.920  47.410
-123.100  48.170
-122.960  48.065
-123.090  47.405
-123.110  47.920
-123.020  48.090
-123.168  47.510
-123.153  47.525
-123.100  47.530
-123.145  47.515
-123.175  47.505
-123.115  47.422
-122.920  48.125
-123.090  48.120
-123.250  48.210
-123.330  48.110
-123.180  48.100
-123.440  48.090
-123.170  48.205
-123.200  48.220
-123.180  48.220
-123.200  48.220
-123.000  47.940
-123.160  48.160
-123.200  48.140
-123.265  48.175
-123.190  48.210
-123.030  48.220
-122.890  47.350
-122.990  48.285
-123.420  47.720
-122.970  48.130
-123.215  48.280
-123.300  48.095
-123.070  48.120
-123.083  47.330
-123.355  48.095
-123.490  47.950
-122.870  47.440
-123.465  48.000
-122.940  48.190
-123.335  48.035
-123.340  48.025
-123.370  48.010
-123.300  48.020
-123.260  48.010
-123.230  48.010
-123.240  47.990
-123.140  48.130
-123.105  48.080
-123.200  48.070
-123.185  48.145
-123.325  47.960
-123.415  48.000
-123.510  48.030
-123.430  48.010
-123.460  48.000
-123.470  48.025
-123.190  48.030
-123.145  48.005
-123.505  47.985
-123.590  48.030
-123.200  48.195
-123.335  48.270
-123.285  48.200
-123.120  48.125
-122.905  47.435
-122.885  47.450
-123.550  47.940
-123.435  48.050
-123.450  47.980
-123.440  47.730
-122.852  47.420
-122.930  47.440
-122.955  47.460
-122.935  47.410
-123.080  48.210
-123.040  48.230
-123.075  48.230
-123.100  48.280
-123.020  48.300
-123.090  48.300
-123.380  48.140
-122.960  47.425
-122.995  47.367
-123.130  48.220
-122.940  47.450
-123.100  47.420
-122.835  47.420
-123.390  48.060
-123.235  48.085
-123.205  48.120
-123.260  48.120
-123.210  48.100
-123.230  48.100
-123.280  48.080
-123.045  48.220
-123.040  48.230
-123.080  48.230
-123.090  48.240
-123.175  48.210
-123.100  48.260
-122.970  48.225
-123.160  47.300
-123.045  47.320
-123.120  48.220
-123.105  48.230
-123.275  48.210
-123.200  48.270
-123.120  48.305
-123.300  48.270
-123.110  48.065
-123.030  48.210
-123.020  47.920
-123.275  48.010
-122.950  47.935
-123.320  47.850
-122.940  47.495
-122.990  47.970
-123.215  47.840
-123.215  47.950
-123.180  47.970
-123.105  47.980
-123.340  47.695
-123.290  47.405
-123.180  47.330
-123.055  47.970
-123.075  47.910
-123.110  48.000
-123.170  47.990
-123.170  47.990
-123.235  48.010
-123.235  47.957
-123.170  47.970
-123.130  48.050
-123.260  48.040
-123.170  48.020
-123.060  47.430
-123.120  48.040
-123.195  47.855
-123.130  47.900
-123.110  48.200
-123.220  47.970
-123.295  48.010
-123.260  47.960
-123.180  47.920
-123.040  47.870
-123.400  47.970
-123.100  47.850
-123.090  47.910
-123.050  47.880
-123.100  47.870
-123.040  47.910
-123.125  47.900
-123.200  47.900
-123.360  48.000
-123.155  47.990
-123.030  47.930
-123.160  47.940
-123.230  47.860
-123.085  47.880
-123.065  47.910
-123.130  47.890
-123.135  48.085
-123.230  48.030
-123.185  48.095
-123.230  48.300
-123.320  48.080
-123.320  48.040
-123.290  48.080
-123.090  48.020
-123.270  48.020
-123.220  48.055
-123.135  48.110
-123.165  48.120
-123.170  48.120
-123.140  48.090
-122.985  48.240
-123.310  48.075
-123.300  48.110
-123.185  48.205
-123.260  48.120
-123.300  48.010
-123.235  48.125
-122.925  48.075
-123.380  48.000
-122.790  48.010
-123.280  48.080
-123.240  48.090
-123.210  48.110
-123.400  47.880
-123.130  48.100
-123.170  47.920
-123.170  47.890
-123.200  47.530
-123.135  47.910
-123.170  47.990
-123.200  47.980
-123.300  47.930
-123.118  47.407
-123.055  47.415
-122.700  47.430
-123.280  48.015
-123.300  47.980
-123.060  47.520
-123.210  48.010
-122.980  48.215
-123.390  47.715
-123.300  47.920
-123.330  47.910
-123.170  48.125
-123.295  47.900
-123.140  48.120
-123.270  47.410
-123.205  48.140
-123.200  48.000
-123.090  48.230
-122.900  48.000
-122.910  48.000
-122.890  47.970
-122.900  47.980
-123.400  47.910
-122.920  47.995
-122.980  48.000
-122.920  47.940
-122.940  47.970
-122.940  47.980
-123.080  47.935
-122.980  47.920
-122.940  47.930
-123.180  47.410
-122.940  47.985
-123.060  47.940
-122.980  47.960
-122.955  47.960
-122.965  47.930
-123.080  47.990
-123.060  48.000
-122.900  48.030
-122.910  48.040
-123.200  47.830
-122.850  48.010
-123.120  48.220
-123.065  47.925
-122.955  47.980
-122.910  48.030
-122.850  48.000
-123.127  47.900
-123.110  47.877
-123.000  47.880
-122.925  47.915
-122.925  47.980
-122.970  47.990
-122.915  47.965
-123.020  47.880
-122.890  47.990
-122.890  47.970
-122.910  47.970
-122.885  48.000
-123.185  47.990
-123.030  48.010
-122.990  48.000
-123.055  48.010
-123.140  48.020
-123.070  47.890
-122.930  47.980
-122.910  47.960
-122.950  47.960
-123.230  48.225
-123.100  48.110
-123.300  48.180
-123.375  48.065
-123.385  48.100
-123.300  48.050
-123.240  47.990
-123.190  47.990
-123.230  48.020
-123.220  48.030
-123.210  48.000
-123.310  48.030
-123.310  48.000
-123.220  47.970
-123.185  48.010
-123.230  47.960
-123.157  47.935
-123.155  47.970
-123.180  48.035
-122.990  47.980
-123.140  48.090
-123.200  48.090
-123.130  47.995
-123.190  47.960
-123.170  47.930
-123.210  47.940
-122.980  47.925
-123.020  48.000
-123.040  48.000
-122.950  47.900
-123.020  47.960
-122.920  47.915
-122.910  47.375
-122.900  47.390
-122.890  47.380
-123.420  48.130
-123.090  48.005
-123.175  48.240
-123.085  48.270
-123.165  48.040
-123.115  47.985
-123.350  48.085
-123.385  48.050
-123.390  47.890
-123.200  48.040
-123.140  48.280
-123.230  48.200
-123.360  48.020
-123.155  48.315
-123.045  48.320
-123.130  48.295
-123.370  48.330
-123.060  48.310
-123.080  48.310
-123.075  48.300
-123.245  48.395
-123.035  48.260
-123.160  48.300
-123.120  48.270
-123.300  48.160
-123.275  48.180
-123.230  48.390
-123.450  48.230
-123.410  48.135
-123.100  48.340
-123.535  48.200
-123.260  48.235
-123.320  48.130
-123.200  48.010
-123.605  47.900
-123.670  48.010
-123.415  48.055
-123.400  48.120
-123.230  48.275
-123.285  48.060
-123.110  48.340
-123.375  48.275
-123.200  48.190
-123.520  48.090
-123.390  48.150
-123.340  48.100
-123.500  48.230
-123.490  48.320
-123.540  48.270
-123.410  48.100
-123.365  48.110
-123.255  48.240
-123.570  47.940
-123.450  48.180
-123.175  48.280
-123.290  48.290
-123.210  48.290
-123.450  48.155
-123.520  48.240
-123.465  48.015
-123.300  48.220
-123.195  48.120
-123.280  48.150
-123.370  48.145
-123.420  47.995
-123.515  48.055
-123.430  48.050
-123.470  48.010
-123.560  48.130
-123.240  48.030
-123.300  48.050
-123.440  48.210
-123.380  48.195
-123.500  48.210
-123.305  48.270
-123.300  48.290
-123.190  48.255
-123.295  48.205
-123.305  48.300
-123.485  48.010
-123.465  48.020
-123.420  48.190
-123.485  48.085
-123.630  48.090
-123.610  47.990
-122.990  47.420
-123.000  48.510
-123.330  48.185
-123.295  48.180
-123.280  48.265
-123.580  48.140
-123.195  48.280
-123.200  48.310
-123.335  48.300
-123.290  48.120
-123.350  48.100
-123.330  48.250
-123.360  48.150
-123.325  48.200
-123.330  48.180
-123.375  48.150
-123.470  48.200
-123.450  48.280
-123.225  48.265
-123.420  48.240
-123.410  48.210
-123.400  48.220
-123.340  48.240
-123.250  48.285
-123.425  48.230
-123.380  48.250
-123.405  48.250
-123.430  48.205
-123.525  48.040
-123.500  48.000
-123.010  48.200
-123.520  47.940
-123.580  48.200
-123.425  48.180
-123.660  48.190
-123.485  48.200
-123.400  48.010
-123.355  48.010
-123.205  48.350
-123.360  48.240
-123.400  48.020
-123.100  48.320
-123.545  48.035
-123.430  48.060
-123.460  48.060
-123.490  48.225
-123.600  48.000
-123.380  48.280
-123.390  48.270
-123.440  48.230
-123.450  48.250
-123.120  47.990
-123.440  48.255
-123.400  48.300
-123.490  48.150
-123.060  47.410
-123.670  48.010
-123.430  48.070
-123.400  48.040
-123.230  48.210
-123.290  48.175
-123.275  48.220
-123.305  48.230
-123.550  48.180
-123.480  48.115
-123.085  48.120
-123.080  48.180
-123.300  47.380
-123.490  48.200
-123.470  48.210
-123.480  48.325
-123.275  48.120
-123.210  47.290
-123.430  48.250
-123.510  48.240
-123.380  48.140
-123.450  48.230
-123.380  48.250
-123.395  48.260
-123.560  47.940
-123.285  48.160
-123.400  48.160
-123.420  48.220
-123.430  48.220
-123.425  48.210
-123.420  48.190
-123.370  48.290
-123.420  48.175
-123.380  48.070
-123.265  48.130
-123.245  48.150
-123.255  48.220
-123.390  48.200
-123.380  48.200
-123.380  48.300
-123.350  48.140
-123.030  47.362
-123.020  47.380
-123.410  48.130
-123.320  48.100
-123.250  48.110
-123.280  48.100
-123.260  48.055
-123.315  48.030
-123.530  48.120
-123.730  48.090
-123.395  48.225
-123.300  48.190
-123.300  48.200
-123.210  48.140
-123.280  48.120
-123.295  48.130
-123.075  47.380
-122.960  47.392
-122.960  47.370
-123.280  48.160
-123.100  47.285
-123.130  48.105
-123.200  48.035
-123.290  48.020
-123.330  48.030
-123.420  48.040
-123.390  48.030
-123.330  48.035
-123.140  47.910
-123.150  48.120
-123.320  48.020
-123.370  48.020
-123.260  48.050
-123.425  48.035
-123.170  47.310
-123.440  47.990
-123.400  48.000
-123.360  48.010
-123.280  48.120
-123.255  48.060
-123.110  48.090
-123.020  47.375
-123.280  47.390
-123.065  47.380
-123.195  48.250
-123.180  48.260
-123.200  48.265
-123.190  48.205
-123.340  48.180
-123.250  48.290
-123.160  48.330
-123.023  47.375
-123.300  48.260
-123.095  48.320
-123.195  48.290
-123.260  48.100
-123.230  48.110
-123.305  48.130
-123.280  48.145
-123.260  48.170
-123.190  48.000
-123.180  48.250
-123.210  48.270
-123.170  48.220
-123.370  48.070
-123.010  47.380
-123.010  47.310
-123.015  47.320
-123.060  47.388
-123.030  47.380
-122.990  47.350
-123.010  47.330
-123.200  47.910
-123.200  48.080
-123.350  48.270
-123.300  48.220
-123.270  48.380
-123.200  48.190
-123.190  48.055
-123.270  48.130
-123.170  48.240
-123.230  48.215
-123.405  48.040
-123.310  48.140
-123.410  47.935
-123.100  48.330
-123.165  48.110
-123.115  47.400
-123.040  47.380
-122.950  47.435
-122.985  47.405
-123.030  47.430
-123.310  48.120
-123.495  48.130
-123.220  48.190
-122.980  47.420
-123.125  48.130
-123.090  48.130
-123.265  48.120
-123.310  48.120
-123.310  48.050
-123.140  48.005
-123.600  48.220
-123.590  48.200
-123.062  47.370
-123.000  48.330
-123.075  47.362
-122.980  47.430
-123.120  47.910
-123.045  47.390
-123.085  47.385
-123.093  47.398
-123.082  47.395
-122.960  47.320
-123.100  47.400
-123.060  47.360
-123.040  47.340
-123.058  47.350
-123.460  48.035
-123.120  47.400
-123.000  47.300
-123.210  47.280
-123.035  47.315
-123.100  47.380
-122.940  47.380
-123.045  47.420
-122.970  48.315
-123.062  47.395
-123.310  48.380
-123.100  48.270
-123.130  48.220
-123.220  48.210
-123.000  48.280
-123.275  48.280
-123.485  48.210
-123.355  48.170
-123.005  48.315
-123.210  48.220
-123.260  48.220
-123.210  48.290
-123.210  48.230
-123.270  48.200
-123.140  48.110
-123.010  48.230
-123.020  48.500
-123.125  48.240
-123.100  48.200
-123.185  48.205
-123.180  48.170
-123.170  48.210
-123.180  48.300
-123.035  48.320
-123.040  48.305
-123.030  48.310
-123.030  48.330
-123.235  48.300
-123.360  48.265
-123.055  48.210
-123.010  48.340
-123.300  48.200
-123.305  48.230
-123.200  48.180
-123.220  48.210
-123.200  48.400
-123.210  48.220
-123.330  48.235
-123.180  48.230
-123.380  48.115
-122.870  48.295
-122.820  48.320
-123.000  48.340
-123.070  48.270
-123.000  47.410
-123.015  47.380
-122.907  47.410
-123.210  48.215
-123.230  48.240
-122.900  47.420
-122.990  47.470
-122.890  48.300
-123.037  47.380
-123.300  48.075
-123.000  47.390
-123.070  47.265
-123.670  48.050
-123.420  48.220
-123.490  48.220
-123.090  47.370
-123.540  48.200
-123.570  48.115
-123.620  48.070
-123.640  48.090
-122.915  48.310
-123.680  47.960
-122.860  48.300
-123.000  47.285
-123.145  48.260
-123.310  48.240
-123.210  48.210
-122.900  48.400
-123.620  48.080
-122.810  48.300
-123.067  47.355
-123.023  47.352
-123.080  47.310
-123.700  48.140
-122.930  47.315
-122.920  47.315
-123.530  48.180
-123.605  48.265
-123.360  48.340
-123.600  48.150
-123.420  48.165
-123.370  48.260
-123.340  48.250
-123.370  48.200
-123.270  48.240
-123.380  48.170
-123.450  48.220
-123.430  48.230
-123.675  48.145
-123.130  47.340
-123.570  48.200
-122.995  47.330
-123.700  48.070
-123.210  47.400
-123.060  47.390
-123.055  47.340
-123.035  47.315
-123.015  47.380
-122.970  47.390
-123.500  48.270
-123.420  48.260
-122.925  47.410
-123.520  48.180
-122.890  47.370
-123.440  48.260
-123.510  48.240
-123.072  47.320
-122.910  48.290
-123.450  48.230
-123.280  48.040
-123.315  48.280
-123.580  48.235
-123.340  48.280
-123.375  48.260
-123.340  48.200
-123.385  48.240
-123.790  48.110
-123.430  48.290
-123.610  48.070
-123.670  48.110
-123.645  48.190
-123.205  48.300
-123.375  48.290
-123.410  48.290
-123.440  48.260
-123.640  48.125
-123.390  48.250
-123.270  48.190
-123.700  48.195
-123.440  48.200
-123.520  48.210
-123.600  48.210
-123.650  48.180
-123.680  48.170
-123.690  48.180
-123.720  48.210
-123.510  48.320
-123.655  48.140
-123.700  48.190
-123.760  48.120
-123.325  48.200
-123.230  48.145
-123.660  48.020
-123.690  48.050
-123.755  48.210
-123.270  48.170
-123.190  48.160
-123.310  48.300
-123.695  48.100
-123.440  48.125
-123.515  48.160
-123.130  47.360
-123.465  47.420
-123.440  48.195
-123.480  48.210
-123.690  48.190
-123.520  48.210
-123.565  48.230
-123.705  48.010
-123.410  48.330
-123.610  48.020
-123.580  48.240
-123.030  48.330
-123.680  48.235
-123.410  48.250
-123.510  48.225
-123.500  48.210
-123.530  48.310
-123.425  48.015
-123.270  48.105
-123.410  48.290
-123.325  48.220
-123.390  48.190
-123.610  48.070
-123.330  48.235
-123.445  48.195
-123.390  48.225
-123.370  48.325
-123.410  48.290
-123.390  48.300
-123.410  48.240
-123.420  48.240
-123.540  48.230
-123.395  48.190
-123.460  48.170
-123.440  48.280
-123.090  48.240
-123.385  48.230
-123.175  48.220
-123.110  48.130
-123.200  48.230
-123.305  48.270
-123.270  48.290
-123.370  48.210
-123.465  48.330
-123.430  48.250
-123.470  48.200
-123.490  48.180
-123.370  48.250
-123.380  48.260
-123.495  48.210
-123.520  48.115
-123.450  48.250
-123.305  48.120
-123.250  48.110
-123.120  48.080
-123.035  48.030
-123.500  48.145
-123.305  48.020
-123.200  48.200
-123.110  48.200
-123.070  48.290
-123.120  48.310
-123.225  48.310
-123.240  48.270
-123.125  48.300
-123.000  48.300
-123.500  48.330
-123.125  48.205
-123.135  48.190
-123.250  48.105
-123.080  48.200
-123.425  48.240
-123.490  48.185
-123.600  48.205
-123.310  48.160
-123.180  48.140
-123.200  48.020
-123.330  48.100
-123.295  48.100
-123.630  48.100
-123.120  48.210
-123.205  48.210
-123.625  47.970
-123.455  48.180
-123.710  48.190
-123.360  48.220
-123.410  48.010
-123.480  48.290
-123.190  48.150
-123.470  48.200
-123.205  48.290
-122.980  48.300
-123.490  47.890
-123.275  48.270
-123.255  48.240
-123.500  48.160
-123.210  48.200
-123.460  48.160
-123.370  48.180
-123.450  48.230
-123.475  48.220
-123.440  48.075
-123.380  48.270
-123.400  48.250
-123.550  48.230
-123.460  48.260
-123.490  48.240
-123.050  48.260
-123.400  48.125
-123.610  48.185
-123.330  48.250
-123.020  47.415
-123.530  48.210
-123.155  47.410
-122.970  47.370
-122.890  47.380
-122.945  47.365
-123.045  47.392
-122.965  47.385
-123.335  48.385
-122.920  48.340
-122.930  48.320
-123.110  48.335
-123.090  47.340
-123.090  47.330
-123.130  47.320
-123.005  47.400
-123.500  48.140
-123.005  47.385
-123.050  47.390
-123.445  48.120
-123.460  48.210
-123.050  47.430
-122.975  47.400
-123.155  47.320
-123.060  47.388
-123.025  47.390
-123.045  47.380
-123.020  47.395
-123.100  47.390
-123.530  48.210
-123.200  47.480
-123.013  47.425
-122.935  47.380
-122.995  47.400
-123.080  47.390
-123.220  47.420
-122.983  47.360
-123.440  48.260
-123.100  47.990
-123.200  47.930
-123.070  48.030
-123.490  48.160
-123.500  48.160
-123.210  47.940
-123.600  48.035
-123.285  48.020
-123.140  47.990
-123.140  47.970
-123.180  47.980
-123.395  48.130
-123.310  48.185
-123.140  47.360
-122.990  48.270
-123.585  48.090
-123.210  48.010
-123.480  48.225
-123.510  48.220
-123.070  47.390
-123.540  48.060
-123.500  48.210
-123.060  47.390
-123.178  47.345
-123.085  47.297
-123.365  48.260
-123.440  48.250
-123.450  48.250
-123.102  47.300
-123.310  48.300
-123.330  48.060
-123.210  48.320
-123.195  48.220
-123.070  47.300
-123.720  48.220
-123.210  48.380
-123.560  48.335
-123.605  48.320
-123.810  48.280
-123.730  48.320
-123.620  48.230
-123.810  48.260
-123.810  48.250
-123.790  48.295
-123.800  48.300
-123.685  48.300
-123.330  48.220
-123.780  48.340
-123.680  48.270
-123.690  48.375
-123.700  48.300
-123.720  48.280
-123.735  48.230
-123.680  48.200
-123.490  48.140
-123.590  48.290
-123.580  48.290
-123.750  48.410
-123.700  48.090
-123.810  48.260
-123.780  48.240
-123.790  48.280
-123.735  48.215
-123.660  47.900
-123.720  48.235
-123.730  48.080
-123.770  48.260
-123.395  48.370
-123.700  48.210
-123.110  48.365
-123.360  48.435
-123.730  48.280
-123.250  48.330
-123.605  48.380
-123.510  48.290
-123.585  48.240
-123.710  48.160
-123.610  48.295
-123.260  48.395
-123.325  48.280
-123.550  48.220
-123.620  48.200
-123.625  48.250
-123.610  48.270
-123.480  48.230
-123.520  48.210
-123.670  48.200
-123.630  48.280
-123.520  48.240
-123.490  48.220
-123.430  48.190
-123.400  48.210
-123.580  48.290
-123.500  48.210
-123.430  48.250
-123.410  48.240
-123.665  48.410
-123.670  48.400
-123.260  48.280
-123.390  48.380
-123.450  48.240
-123.320  48.375
-123.600  48.230
-123.630  48.170
-123.730  48.210
-123.755  48.200
-123.400  48.270
-123.810  48.330
-123.610  48.120
-123.690  48.310
-123.660  48.100
-123.670  48.110
-123.645  48.160
-123.490  48.110
-123.745  48.240
-123.700  48.300
-123.730  48.370
-123.860  48.300
-123.840  48.295
-123.540  48.310
-123.780  48.210
-122.980  47.325
-123.305  48.185
-122.990  47.320
-123.620  48.210
-123.790  48.275
-123.610  48.295
-123.640  48.200
-123.470  48.240
-123.765  48.300
-123.660  48.305
-123.655  48.310
-123.650  48.230
-123.010  47.320
-123.710  48.220
-123.270  48.280
-123.660  48.300
-123.650  48.200
-123.500  48.280
-123.660  48.295
-123.580  48.310
-123.600  48.300
-123.695  48.250
-123.740  48.210
-123.700  48.230
-123.670  48.210
-123.670  48.200
-123.640  48.180
-123.625  48.230
-123.800  48.230
-123.100  48.400
-123.650  48.100
-123.200  48.340
-123.700  48.330
-123.610  48.050
-123.620  48.290
-123.480  48.225
-123.445  48.240
-123.500  48.280
-123.520  48.280
-123.610  48.310
-123.690  48.220
-123.670  48.260
-123.720  48.220
-123.480  48.020
-123.610  48.190
-123.680  48.255
-123.700  48.160
-123.515  48.390
-123.710  48.370
-123.690  48.185
-123.330  48.195
-123.570  48.320
-123.345  48.350
-123.605  48.280
-123.600  48.310
-123.715  48.330
-123.500  48.330
-123.350  48.380
-123.340  48.400
-123.580  48.225
-123.565  48.220
-123.430  48.290
-123.680  48.200
-123.670  48.190
-123.610  48.155
-123.450  48.270
-123.440  48.260
-123.410  48.240
-123.410  48.270
-123.470  48.275
-123.550  48.120
-123.650  48.220
-123.585  48.110
-123.650  48.260
-123.570  48.270
-123.555  48.240
-123.670  48.220
-123.610  48.190
-123.830  48.200
-123.575  48.230
-123.620  48.210
-123.670  48.200
-123.480  48.240
-123.420  48.270
-123.670  48.165
-123.660  48.285
-123.680  48.215
-123.085  48.410
-123.195  48.165
-123.490  48.200
-123.530  48.215
-123.230  48.330
-123.510  48.030
-123.610  48.240
-123.620  48.330
-123.660  48.230
-123.390  48.320
-123.710  48.260
-123.590  48.270
-123.620  48.125
-123.670  48.170
-123.650  48.060
-123.620  48.100
-123.660  48.085
-123.710  48.030
-123.820  48.315
-123.675  48.360
-123.700  48.250
-123.770  48.195
-123.715  48.280
-123.730  48.290
-123.620  48.200
-123.700  48.090
-123.600  48.230
-123.700  48.310
-123.745  48.160
-123.740  48.210
-123.770  48.250
-123.780  48.210
-123.615  48.220
-123.740  48.340
-123.660  48.220
-123.640  48.310
-123.390  48.245
-123.410  48.250
-123.370  48.260
-123.570  48.240
-123.590  48.210
-123.570  48.300
-123.515  48.220
-123.555  48.290
-123.525  48.055
-123.570  48.140
-123.600  48.090
-123.595  48.120
-123.480  48.090
-123.475  48.210
-123.320  48.150
-123.285  48.190
-123.370  48.140
-123.710  48.360
-123.300  48.320
-123.220  48.300
-123.280  48.390
-123.300  48.210
-123.200  48.245
-123.600  48.200
-123.740  48.345
-123.505  48.285
-123.820  48.280
-123.590  48.200
-123.305  48.430
-123.245  48.175
-123.400  48.070
-123.675  48.320
-123.280  48.220
-123.070  48.390
-123.425  48.240
-123.405  48.230
-123.710  48.300
-123.575  48.210
-123.540  48.260
-123.650  48.210
-123.640  48.240
-123.650  48.230
-123.705  48.220
-123.660  48.180
-123.565  48.210
-123.330  48.320
-123.820  48.190
-123.710  48.090
-123.825  48.215
-123.850  48.230
-123.580  48.210
-123.365  48.200
-123.360  48.270
-123.370  48.270
-123.735  48.100
-123.400  48.210
-123.440  48.200
-123.470  48.120
-123.580  48.150
-123.400  48.230
-123.335  48.200
-123.500  48.125
-123.390  48.065
-123.470  48.110
-123.300  48.290
-123.485  48.160
-123.540  48.310
-122.875  47.380
-122.815  47.430
-122.950  47.315
-122.950  47.400
-123.140  47.390
-123.020  47.430
-123.545  48.320
-123.365  47.400
-123.235  47.390
-123.280  47.410
-123.090  47.450
-123.705  48.550
-122.890  47.415
-123.730  48.290
-123.200  47.390
-123.210  47.395
-123.900  48.290
-123.220  47.390
-123.725  48.410
-123.700  48.275
-123.100  47.460
-123.740  48.210
-123.590  48.330
-123.590  48.310
-123.690  48.330
-123.700  48.340
-123.740  48.310
-122.800  47.360
-123.060  47.425
-123.040  47.280
-123.155  47.420
-123.590  48.460
-122.900  47.370
-122.835  47.335
-123.083  47.415
-123.095  47.373
-123.053  47.345
-122.870  47.390
-122.910  47.410
-123.590  48.330
-123.380  47.390
-123.100  47.290
-122.993  47.407
-122.860  47.410
-123.130  47.420
-123.110  47.330
-123.610  48.290
-122.940  47.360
-123.050  47.430
-123.075  47.395
-123.275  47.385
-123.600  48.390
-123.640  48.400
-123.840  48.410
-122.975  47.400
-122.877  47.420
-123.110  47.380
-123.205  47.405
-123.075  47.425
-123.780  48.270
-123.690  48.300
-123.730  48.260
-123.660  48.275
-123.650  48.320
-123.230  47.330
-123.225  47.300
-123.225  47.280
-123.180  47.300
-123.185  47.270
-123.180  47.285
-123.050  47.300
-123.183  47.305
-123.005  47.290
-123.000  47.320
-123.190  47.290
-123.660  48.310
-123.510  48.200
-123.400  48.220
-123.420  48.340
-123.197  47.303
-123.220  47.290
-123.400  48.380
-123.370  48.320
-123.330  48.320
-123.350  48.330
-123.015  47.315
-123.060  47.320
-122.980  47.370
-123.370  48.200
-123.060  47.400
-123.610  48.175
-123.790  48.270
-123.700  48.280
-123.015  47.295
-123.300  47.495
-123.700  48.290
-123.710  48.280
-122.850  47.420
-122.730  47.490
-123.240  47.380
-123.050  47.310
-123.215  47.290
-123.018  47.295
-123.040  47.290
-123.615  48.125
-123.750  48.450
-123.630  48.400
-123.155  47.330
-123.580  48.340
-123.640  48.280
-123.690  48.310
-123.820  48.310
-123.170  47.300
-123.200  47.300
-123.780  48.345
-123.510  48.230
-123.900  48.160
-123.810  48.220
-123.710  48.210
-123.700  48.295
-122.810  47.400
-123.480  48.240
-123.840  48.470
-123.140  47.375
-123.115  47.400
-123.070  47.392
-123.700  48.200
-123.730  48.320
-123.700  48.380
-123.650  48.330
-123.630  48.240
-123.645  48.290
-123.855  48.360
-123.970  48.300
-123.680  48.170
-123.620  48.155
-123.530  48.180
-123.525  48.195
-123.510  48.270
-123.440  48.280
-123.670  48.370
-123.585  48.270
-123.570  48.245
-123.620  48.215
-123.490  48.200
-123.420  48.315
-123.530  48.260
-123.440  48.225
-123.490  48.210
-123.460  48.250
-123.440  48.260
-123.490  48.200
-123.380  48.330
-123.730  48.190
-123.590  48.420
-123.360  48.340
-123.145  47.330
-123.100  47.390
-123.770  48.320
-123.770  48.340
-123.710  48.330
-123.890  48.280
-123.885  48.230
-123.580  48.325
-123.115  47.300
-123.115  47.335
-122.910  47.340
-123.685  48.160
-123.690  48.210
-123.730  48.220
-123.380  48.380
-123.390  48.320
-123.240  47.285
-123.170  47.420
-123.710  48.430
-123.710  48.370
-123.795  48.330
-123.810  48.330
-123.790  48.310
-123.730  48.290
-123.735  48.260
-123.855  48.200
-123.760  48.310
-123.790  48.300
-123.930  48.390
-123.355  48.320
-123.370  48.390
-123.750  48.300
-123.120  47.290
-123.630  48.190
-123.700  48.215
-123.740  48.240
-123.870  48.220
-123.820  48.340
-123.800  48.240
-123.820  48.250
-123.780  48.280
-123.390  48.380
-123.580  48.310
-123.895  48.440
-123.630  48.360
-123.670  48.480
-123.800  48.500
-123.580  48.310
-123.800  48.390
-123.790  48.350
-123.810  48.395
-123.800  48.360
-123.810  48.390
-122.820  47.370
-123.120  47.375
-123.150  47.385
-123.058  47.395
-123.285  47.410
-123.180  47.310
-123.180  47.260
-123.105  47.403
-123.680  48.440
-124.000  48.300
-123.625  48.430
-123.410  48.240
-123.330  48.280
-123.390  48.270
-123.340  48.220
-123.480  48.260
-123.420  48.290
-123.085  47.275
-123.005  47.343
-123.040  47.315
-123.023  47.305
-123.705  48.320
-123.070  47.310
-122.920  47.320
-123.080  47.300
-123.710  48.110
-123.690  48.330
-123.410  48.220
-123.650  48.220
-123.640  48.175
-123.650  48.190
-123.070  47.460
-123.620  48.240
-123.160  47.330
-123.210  47.355
-123.090  47.300
-123.530  48.360
-123.450  48.250
-123.635  48.320
-123.670  48.170
-123.550  48.300
-122.917  47.523
-122.920  47.520
-123.600  47.990
-123.035  47.515
-123.050  47.513
-123.010  47.470
-122.930  47.505
-123.000  47.380
-122.985  47.395
-123.300  47.410
-123.030  47.525
-123.700  47.600
-122.955  47.400
-123.010  47.395
-123.070  47.502
-123.090  47.345
-122.900  47.320
-123.450  47.360
-123.065  47.300
-122.898  47.440
-123.180  47.280
-123.180  47.270
-122.870  47.330
-123.000  47.350
-123.170  47.290
-122.927  47.337
-123.020  47.310
-123.580  48.005
-122.980  47.580
-123.005  47.500
-122.935  47.365
-122.960  47.345
-122.885  47.365
-123.040  47.350
-122.910  47.420
-123.770  48.430
-122.958  47.450
-122.977  47.430
-122.875  47.485
-122.828  47.492
-122.760  47.530
-123.510  48.400
-123.010  47.295
-123.580  48.430
-123.685  48.420
-122.830  47.500
-122.910  47.410
-122.907  47.317
-122.920  47.325
-122.910  47.310
-122.890  47.410
-123.162  47.252
-122.900  47.415
-123.060  47.400
-122.998  47.465
-123.148  47.420
-123.010  47.428
-122.925  47.465
-122.930  47.438
-123.015  47.487
-123.000  47.480
-123.315  47.400
-123.690  48.100
-123.600  48.000
-122.970  47.508
-123.007  47.502
-123.750  48.325
-123.670  48.400
-123.655  48.400
-123.750  47.600
-122.910  47.420
-122.955  47.425
-123.405  47.420
-122.740  47.410
-123.130  47.325
-123.165  47.305
-123.105  47.300
-122.900  47.330
-122.922  47.325
-122.935  47.308
-123.030  47.290
-122.985  47.337
-123.535  48.310
-122.840  47.345
-123.010  47.330
-122.740  47.420
-123.210  47.610
-123.210  47.560
-123.065  47.400
-122.920  47.310
-123.005  47.305
-123.140  47.280
-123.060  47.310
-123.910  48.505
-123.800  48.440
-122.990  47.320
-123.380  48.240
-123.395  48.230
-123.420  48.230
-122.910  47.510
-123.420  48.180
-122.970  47.440
-123.310  47.405
-122.960  47.420
-123.225  47.450
-123.025  47.420
-123.450  48.175
-123.010  47.380
-122.975  47.470
-123.060  47.490
-123.610  48.485
-123.135  47.370
-122.930  47.420
-122.965  47.430
-123.090  47.380
-122.890  47.325
-122.985  47.395
-123.000  47.420
-122.865  47.470
-122.870  47.390
-122.852  47.360
-123.170  47.255
-123.460  47.330
-123.035  47.315
-123.300  47.400
-122.990  47.310
-123.067  47.325
-123.090  47.330
-122.830  47.380
-123.058  47.398
-123.035  47.395
-123.650  48.430
-123.590  48.400
-123.690  48.385
-122.910  47.485
-122.950  47.465
-123.138  47.297
-123.205  47.405
-122.817  47.350
-122.680  47.410
-122.900  47.325
-123.070  47.280
-123.320  47.370
-123.120  47.390
-123.030  47.350
-122.825  47.405
-123.102  47.392
-122.825  47.410
-122.900  47.400
-123.920  48.530
-123.100  47.290
-122.810  47.350
-122.812  47.405
-123.017  47.323
-123.110  47.310
-123.170  47.300
-123.590  48.340
-122.958  47.320
-122.955  47.320
-122.940  47.315
-122.950  47.300
-123.020  47.320
-123.017  47.295
-123.680  48.485
-122.922  47.315
-123.500  48.330
-122.880  47.330
-122.840  47.343
-122.915  47.410
-123.115  47.325
-123.157  47.305
-123.290  47.240
-122.890  47.390
-122.787  47.358
-123.065  47.335
-123.050  47.295
-123.180  47.285
-123.060  47.285
-123.060  47.280
-123.155  47.295
-123.090  47.295
-123.172  47.275
-123.185  47.255
-123.830  48.385
-123.380  47.400
-123.570  48.420
-123.590  48.440
-122.810  47.370
-122.890  47.373
-122.935  47.370
-122.888  47.360
-122.900  47.365
-122.990  47.290
-123.635  48.420
-123.010  47.300
-123.005  47.300
-122.977  47.310
-123.120  47.270
-123.080  47.290
-123.190  47.630
-123.135  47.430
-123.865  48.500
-123.195  47.360
-122.915  47.410
-123.500  47.310
-123.700  48.400
-122.810  47.370
-123.600  48.420
-123.700  48.475
-123.670  48.420
-122.718  47.418
-122.875  47.445
-123.800  48.325
-123.790  48.290
-123.840  48.335
-123.800  48.320
-123.740  48.420
-123.480  47.320
-123.660  48.280
-123.580  48.400
-123.680  48.410
-123.690  48.370
-122.850  47.347
-123.100  47.260
-122.820  47.400
-123.715  48.100
-123.010  47.320
-123.050  47.335
-123.110  47.410
-123.005  47.465
-123.010  47.425
-123.000  47.415
-122.870  47.415
-122.880  47.425
-122.947  47.412
-122.880  47.380
-122.880  47.480
-123.530  48.230
-122.850  47.415
-123.470  48.130
-123.055  47.350
-122.840  47.490
-123.025  47.365
-123.190  47.422
-123.570  48.360
-123.073  47.362
-122.875  47.410
-122.873  47.415
-122.907  47.450
-122.950  47.450
-123.065  47.415
-122.950  47.465
-123.065  47.450
-123.010  47.435
-122.980  47.410
-122.983  47.410
-123.020  47.400
-123.060  47.320
-123.095  47.350
-123.052  47.440
-122.993  47.415
-123.037  47.380
-122.930  47.440
-123.148  47.335
-123.112  47.340
-123.023  47.328
-123.013  47.325
-123.060  47.325
-122.930  47.375
-122.980  47.315
-122.990  47.407
-122.963  47.410
-123.650  48.310
-122.870  47.375
-122.977  47.332
-122.922  47.360
-122.935  47.430
-122.860  47.362
-122.977  47.365
-123.080  47.318
-122.958  47.355
-123.705  48.280
-123.135  47.325
-122.920  47.440
-122.980  47.420
-122.765  47.460
-122.980  47.410
-122.820  47.515
-123.000  47.435
-123.050  47.415
-123.090  47.410
-123.120  47.320
-123.030  47.388
-122.980  47.420
-123.780  48.390
-122.910  47.470
-123.205  47.398
-122.947  47.405
-123.330  47.290
-123.700  48.320
-123.790  48.300
-123.330  47.250
-123.257  47.273
-123.810  48.320
-123.310  47.252
-123.250  47.270
-123.800  48.440
-123.222  47.260
-123.410  48.270
-123.440  48.280
-123.490  48.250
-122.990  47.350
-123.213  47.255
-123.287  47.285
-123.292  47.255
-123.710  48.270
-123.225  47.240
-123.390  48.370
-123.520  48.300
-123.530  48.390
-122.975  47.380
-123.040  47.290
-123.480  48.410
-123.430  48.370
-123.770  48.400
-123.760  48.420
-123.815  48.420
-123.480  48.300
-123.820  48.460
-123.685  48.515
-123.870  48.520
-123.795  48.410
-123.660  48.405
-123.670  48.410
-123.290  48.365
-123.235  47.290
-123.690  48.300
-123.810  48.420
-123.100  47.270
-123.800  48.420
-123.140  47.300
-123.160  47.280
-123.125  47.290
-123.130  47.290
-123.180  47.280
-123.155  47.280
-123.125  47.265
-123.050  47.290
-122.955  47.305
-123.285  47.270
-123.670  48.335
-123.175  47.288
-123.240  47.260
-123.200  47.310
-123.905  48.470
-123.730  48.380
-123.730  48.380
-123.790  48.520
-124.000  48.450
-123.180  47.375
-123.060  47.290
-123.320  47.265
-123.580  48.430
-123.345  47.275
-123.370  47.230
-122.998  47.290
-123.155  47.295
-123.177  47.285
-123.100  47.390
-123.045  47.290
-123.035  47.310
-123.610  48.435
-123.060  47.290
-123.440  48.420
-123.055  47.270
-122.880  47.330
-123.150  47.300
-123.280  47.290
-123.200  47.390
-123.725  48.580
-123.530  47.230
-123.430  47.320
-123.155  47.280
-123.405  48.130
-123.300  47.260
-123.310  48.290
-122.755  47.395
-122.800  47.430
-122.785  47.410
-122.755  47.415
-123.180  47.290
-123.395  48.230
-123.375  48.220
-123.430  48.390
-123.195  47.300
-122.895  47.317
-122.980  47.300
-122.950  47.320
-123.025  47.305
-122.925  47.320
-122.940  47.345
-122.958  47.362
-123.070  47.310
-122.950  47.315
-123.010  47.290
-122.845  47.390
-122.980  47.390
-122.685  47.410
-122.980  47.340
-123.710  48.510
-123.640  48.410
-123.680  48.320
-123.475  48.245
-123.785  48.480
-122.835  47.355
-122.740  47.410
-123.655  48.290
-123.700  48.130
-123.380  48.300
-123.290  47.300
-123.375  48.250
-123.420  48.230
-123.400  48.230
-123.160  47.280
-123.240  47.257
-123.710  48.210
-123.035  47.295
-123.070  47.400
-123.130  47.303
-123.800  48.490
-123.900  48.490
-123.980  48.500
-123.730  48.410
-123.400  47.240
-123.780  48.510
-123.530  47.230
-123.820  48.480
-123.770  48.410
-123.310  47.242
-123.110  47.270
-123.135  47.280
-123.115  47.303
-123.290  48.400
-123.330  48.410
-123.100  47.300
-123.285  47.290
-123.020  47.295
-123.500  47.240
-123.800  48.490
-123.112  47.305
-123.810  48.330
-123.810  48.470
-123.050  47.295
-122.800  47.350
-123.123  47.362
-123.370  47.310
-122.810  47.350
-123.088  47.265
-122.912  47.310
-123.030  47.330
-122.940  47.310
-123.455  48.300
-123.065  47.280
-123.260  47.300
-123.550  48.420
-123.490  48.310
-123.690  48.450
-123.400  47.315
-123.710  48.430
-123.028  47.305
-123.020  47.323
-123.135  47.305
-123.120  47.317
-123.053  47.310
-123.030  47.310
-123.023  47.335
-123.350  47.390
-122.950  47.355
-122.865  47.365
-123.130  47.320
-123.570  48.525
-123.020  47.300
-123.190  47.360
-123.127  47.365
-122.980  47.370
-122.985  47.355
-122.965  47.300
-123.770  48.420
-123.075  47.335
-123.107  47.288
-122.930  47.310
-123.180  47.270
-123.880  48.570
-123.750  48.490
-123.940  48.440
-123.210  47.270
-123.190  47.280
-123.002  47.305
-123.060  47.290
-123.765  48.390
-123.020  47.290
-123.000  47.310
-123.070  47.315
-123.045  47.350
-123.125  47.300
-123.213  47.325
-123.060  47.305
-123.155  47.295
-123.100  47.330
-123.030  47.280
-123.870  48.425
-123.920  48.440
-123.730  48.410
-123.815  48.445
-123.890  48.540
-123.700  48.450
-123.485  48.595
-123.630  48.470
-123.102  47.325
-123.985  48.600
-123.220  47.280
-123.203  47.275
-123.190  47.290
-123.250  47.285
-123.790  48.470
-123.075  47.300
-122.963  47.312
-123.565  48.485
-123.710  48.400
-123.700  48.500
-123.020  47.300
-123.430  47.400
-124.020  48.585
-123.860  48.440
-123.020  47.320
-123.130  47.400
-123.200  47.250
-123.910  48.460
-123.080  47.400
-123.435  47.400
-123.910  48.570
-123.970  48.590
-123.238  47.270
-123.112  47.285
-123.050  47.280
-123.070  47.280
-122.820  47.380
-123.100  47.260
-123.132  47.320
-123.060  47.290
-123.090  47.285
-123.010  47.365
-123.055  47.295
-123.010  47.280
-122.965  47.305
-123.050  47.300
-123.200  47.300
-122.900  47.340
-123.060  47.317
-122.900  47.365
-122.905  47.410
-122.898  47.335
-122.998  47.330
-122.980  47.430
-123.175  47.330
-123.180  47.390
-123.130  47.260
-123.660  48.510
-123.132  47.295
-123.110  47.420
-123.080  47.390
-123.180  47.340
-123.150  47.345
-123.023  47.335
-123.600  48.530
-123.000  47.450
-123.100  47.425
-123.105  47.417
-122.925  47.360
-122.970  47.345
-123.310  47.410
-123.110  47.390
-123.085  47.365
-123.050  47.345
-123.000  47.310
-123.065  47.380
-123.010  47.390
-123.190  47.390
-123.345  47.290
-123.252  47.293
-123.400  47.410
-123.025  47.350
-123.530  48.500
-123.620  48.500
-123.605  48.530
-123.590  48.480
-123.720  48.430
-123.820  48.500
-122.710  47.420
-123.590  48.510
-123.020  47.360
-123.400  47.300
-123.290  47.260
-123.150  47.290
-123.395  47.290
-123.030  47.290
-123.093  47.285
-123.192  47.285
-123.250  47.240
-123.380  47.410
-123.195  47.285
-123.040  47.350
-123.060  47.320
-122.888  47.450
-122.835  47.367
-123.230  47.245
-123.120  47.315
-122.907  47.310
-122.898  47.345
-122.865  47.375
-123.185  47.260
-122.822  47.375
-122.920  47.350
-123.190  47.300
-122.970  47.320
-123.047  47.290
-122.980  47.300
-122.945  47.340
-123.100  47.270
-123.300  47.235
-124.090  48.640
-123.965  48.440
-123.900  48.480
-123.865  48.550
-123.855  48.475
-123.770  48.420
-123.900  48.590
-123.810  48.500
-123.820  48.520
-123.880  48.630
-123.840  48.550
-123.900  48.510
-123.700  48.510
-123.870  48.525
-123.890  48.470
-123.980  48.490
-123.990  48.415
-123.910  48.480
-124.005  48.500
-123.910  48.480
-123.910  48.455
-123.860  48.435
-123.875  48.395
-123.930  48.390
-123.905  48.510
-123.995  48.480
-123.820  48.470
-123.880  48.545
-123.765  48.435
-123.900  48.520
-123.780  48.530
-123.960  48.630
-123.780  48.545
-123.840  48.470
-123.200  48.530
-123.690  48.480
-123.790  48.515
-123.770  48.460
-123.735  48.470
-123.750  48.475
-123.825  48.515
-123.840  48.530
-123.855  48.600
-123.920  48.450
-123.890  48.560
-123.910  48.610
-123.890  48.590
-123.910  48.570
-123.815  48.590
-123.770  48.515
-123.850  48.410
-123.900  48.415
-123.800  48.485
-123.940  48.500
-123.990  48.520
-124.010  48.570
-123.200  47.280
-123.280  47.270
-124.000  48.670
-123.730  48.520
-123.760  48.545
-123.380  47.230
-123.820  48.600
-123.890  48.455
-123.050  47.295
-124.095  48.570
-123.770  48.400
-123.880  48.435
-123.920  48.510
-123.600  48.300
-123.800  48.240
-123.880  48.355
-123.067  47.270
-123.200  47.310
-123.650  48.390
-123.620  48.380
-123.600  48.380
-123.815  48.505
-123.880  48.490
-123.820  48.460
-123.910  48.410
-123.265  47.280
-123.610  48.500
-123.590  48.490
-123.660  48.525
-123.930  48.500
-124.050  48.650
-123.990  48.510
-123.130  47.258
-123.140  47.270
-123.100  47.300
-123.605  48.535
-123.890  48.480
-123.885  48.430
-123.630  48.405
-123.870  48.490
-123.910  48.550
-123.230  48.495
-123.895  48.520
-123.820  48.510
-123.670  48.495
-123.610  48.530
-123.600  48.510
-123.670  48.480
-123.960  48.625
-123.910  48.610
-123.840  48.390
-123.965  48.610
-123.780  48.640
-123.067  47.290
-123.105  47.275
-123.067  47.275
-123.130  47.265
-123.725  48.480
-123.795  48.435
-123.895  48.570
-123.700  48.585
-123.800  48.430
-123.905  48.500
-123.000  47.330
-123.885  48.590
-123.800  48.535
-123.920  48.560
-123.230  47.280
-123.910  48.530
-123.980  48.640
-123.980  48.620
-123.790  48.510
-123.180  47.310
-123.800  48.520
-123.690  48.520
-123.830  48.490
-123.730  48.520
-123.795  48.420
-123.855  48.610
-123.780  48.500
-123.780  48.535
-123.870  48.610
-123.715  48.500
-123.745  48.490
-123.860  48.510
-123.910  48.610
-123.830  48.410
-123.910  48.605
-123.880  48.525
-123.890  48.570
-123.705  48.575
-123.850  48.440
-124.035  48.525
-123.685  48.455
-123.900  48.645
-123.770  48.580
-123.935  48.490
-123.795  48.470
-123.795  48.425
-123.500  47.220
-123.855  48.635
-123.795  48.555
-123.770  48.480
-123.800  48.575
-123.780  48.570
-123.680  48.470
-124.210  48.600
-123.905  48.460
-123.770  48.550
-123.940  48.490
-123.790  48.510
-123.820  48.520
-123.855  48.530
-123.895  48.600
-123.800  48.630
-123.940  48.510
-123.995  48.520
-123.920  48.505
-123.930  48.485
-123.980  48.580
-123.985  48.510
-123.660  48.520
-123.950  48.480
-123.052  47.270
-123.800  48.540
-123.825  48.520
-123.580  47.285
-123.790  48.480
-123.900  48.455
-123.760  48.440
-123.810  48.490
-123.730  48.600
-123.800  48.620
-123.825  48.490
-123.880  48.500
-123.915  48.505
-123.890  48.520
-123.900  48.570
-123.875  48.425
-123.900  48.525
-123.095  47.270
-122.990  47.315
-123.790  48.480
-123.153  47.270
-123.185  47.250
-123.690  48.510
-123.720  48.480
-123.930  48.500
-123.915  48.570
-123.025  47.278
-123.830  48.465
-123.190  47.260
-123.172  47.270
-123.220  47.270
-123.230  47.290
-123.540  48.510
-123.610  48.455
-123.630  48.530
-123.635  48.540
-123.725  48.500
-123.595  48.515
-123.630  48.500
-123.820  48.470
-123.800  48.430
-123.915  48.465
-123.810  48.510
-123.965  48.410
-124.180  48.580
-123.990  48.400
-123.970  48.480
-123.770  48.440
-123.755  48.580
-123.920  48.440
-123.840  48.610
-123.880  48.630
-123.860  48.490
-123.945  48.515
-123.870  48.620
-123.900  48.570
-123.920  48.490
-123.840  48.610
-123.020  47.310
-123.885  48.600
-123.875  48.560
-123.890  48.470
-123.970  48.570
-123.900  48.610
-123.830  48.445
-123.340  47.240
-123.880  48.510
-123.870  48.540
-124.020  48.610
-124.000  48.580
-123.840  48.495
-123.845  48.435
-123.980  48.600
-124.010  48.590
-123.895  48.590
-123.820  48.440
-123.940  48.560
-123.870  48.615
-123.880  48.630
-123.870  48.580
-123.890  48.540
-123.860  48.430
-123.965  48.520
-123.890  48.500
-123.810  48.610
-123.880  48.480
-123.880  48.560
-123.745  48.590
-123.790  48.580
-123.820  48.620
-123.790  48.480
-123.900  48.460
-123.920  48.585
-123.910  48.600
-123.930  48.610
-123.780  48.490
-123.800  48.560
-123.870  48.570
-123.970  48.610
-123.920  48.550
-123.920  48.580
-123.955  48.610
-123.930  48.615
-123.820  48.485
-123.905  48.500
-123.790  48.480
-123.815  48.520
-123.725  48.410
-123.830  48.600
-123.260  47.310
-123.745  48.410
-123.300  47.270
-123.032  47.290
-123.930  48.580
-123.970  48.630
-123.960  48.575
-124.020  48.590
-122.880  47.340
-123.110  47.270
-123.145  47.270
-123.800  48.490
-123.840  48.525
-123.865  48.530
-123.810  48.530
-122.820  47.375
-123.805  48.530
-123.198  47.270
-123.570  48.530
-123.550  48.520
-123.500  48.480
-123.510  48.470
-123.650  48.490
-123.690  48.540
-123.650  48.530
-123.820  48.645
-123.760  48.570
-123.790  48.550
-123.145  47.250
-123.675  48.525
-123.510  48.450
-123.755  48.595
-123.630  48.480
-123.540  48.450
-123.700  48.490
-123.810  48.590
-123.710  48.470
-123.630  48.490
-123.760  48.530
-123.690  48.465
-123.860  48.580
-123.625  48.500
-123.640  48.510
-123.790  48.500
-123.780  48.600
-123.840  48.520
-123.630  48.500
-123.910  48.520
-123.990  48.530
-123.905  48.540
-124.000  48.570
-124.010  48.590
-123.930  48.505
-123.950  48.580
-123.890  48.590
-123.910  48.500
-123.890  48.495
-123.960  48.580
-123.890  48.500
-123.920  48.565
-123.890  48.585
-123.830  48.530
-123.670  48.520
-123.695  48.530
-123.680  48.515
-123.810  48.520
-123.650  48.500
-123.910  48.610
-123.815  48.550
-123.880  48.580
-123.890  48.600
-123.800  48.510
-123.780  48.530
-123.920  48.650
-123.890  48.510
-123.875  48.545
-123.880  48.510
-124.050  48.540
-123.905  48.500
-123.860  48.590
-123.845  48.585
-123.810  48.490
-123.825  48.580
-123.900  48.490
-123.805  48.485
-123.945  48.580
-123.985  48.580
-124.050  48.580
-124.020  48.640
-123.890  48.560
-123.965  48.450
-124.020  48.510
-123.700  48.590
-123.870  48.520
-123.895  48.520
-123.885  48.530
-124.000  48.490
-123.980  48.490
-124.000  48.640
-123.910  48.535
-123.885  48.525
-123.740  48.610
-123.400  47.305
-123.810  48.615
-123.660  48.715
-123.730  48.610
-123.605  48.590
-123.700  48.600
-123.760  48.535
-123.635  48.510
-123.220  47.285
-123.245  47.290
-123.640  48.625
-123.640  48.650
-123.290  47.280
-123.200  47.280
-123.730  48.650
-123.155  47.310
-123.430  47.280
-123.600  48.540
-123.195  47.280
-123.090  47.265
-123.235  47.280
-123.210  47.280
-123.640  48.520
-123.680  48.600
-123.660  48.590
-123.610  48.650
-123.610  48.690
-123.235  47.280
-123.770  48.890
-123.570  48.805
-123.620  48.710
-123.580  48.690
-123.600  48.640
-123.580  48.780
-123.800  48.675
-123.690  48.910
-123.980  48.580
-123.940  48.570
-124.000  48.510
-123.600  48.620
-124.000  48.570
-123.580  48.740
-123.850  48.680
-123.550  48.720
-123.880  48.620
-123.560  48.810
-123.580  48.735
-123.295  48.590
-123.310  48.600
-123.300  48.630
-123.405  48.510
-123.790  48.660
-123.810  48.630
-123.670  48.670
-123.880  48.590
-123.710  48.885
-123.655  48.665
-123.620  48.635
-123.900  48.610
-123.850  48.650
-123.590  48.730
-123.630  48.750
-123.690  48.735
-123.760  48.830
-123.725  48.675
-123.700  48.640
-123.720  48.840
-123.740  48.845
-123.755  48.730
-123.820  48.530
-123.760  48.520
-123.740  48.675
-123.795  48.590
-123.790  48.540
-123.810  48.520
-123.860  48.590
-123.790  48.610
-123.790  48.530
-123.660  48.700
-123.800  48.620
-123.710  48.845
-123.630  48.650
-123.690  48.800
-123.630  48.850
-123.700  48.810
-123.680  48.910
-123.725  48.910
-123.710  48.725
-123.620  48.600
-123.670  48.730
-123.630  48.810
-123.700  48.905
-123.705  48.835
-123.650  48.715
-123.605  48.720
-123.725  48.640
-123.810  48.720
-123.830  48.690
-123.670  48.640
-123.660  48.720
-123.720  48.805
-123.710  48.800
-123.710  48.570
-123.680  48.530
-123.730  48.600
-123.690  48.680
-123.780  48.540
-123.810  48.515
-123.780  48.540
-123.900  48.530
-123.800  48.580
-123.930  48.575
-123.920  48.635
-123.890  48.535
-123.850  48.530
-123.850  48.530
-123.905  48.630
-123.770  48.630
-123.760  48.580
-123.755  48.610
-123.880  48.680
-123.785  48.640
-123.890  48.610
-123.880  48.590
-123.900  48.500
-123.920  48.600
-123.810  48.650
-123.890  48.715
-123.930  48.720
-123.760  48.590
-123.950  48.740
-123.700  48.725
-123.820  48.820
-123.670  48.690
-123.640  48.640
-123.720  48.610
-123.715  48.615
-123.940  48.690
-123.900  48.680
-123.860  48.650
-123.760  48.660
-123.880  48.590
-123.580  48.820
-123.700  48.790
-123.720  48.820
-123.800  48.940
-123.610  48.750
-123.780  48.720
-124.000  48.710
-123.725  48.810
-123.795  48.925
-123.890  48.580
-123.730  48.840
-123.700  48.830
-123.800  48.610
-123.620  48.890
-123.740  48.640
-123.630  48.750
-123.675  48.775
-123.710  48.840
-123.600  48.720
-123.985  48.590
-123.985  48.610
-123.810  48.540
-123.810  48.455
-123.770  48.675
-123.905  48.740
-123.855  48.580
-123.835  48.670
-123.620  48.750
-123.790  48.525
-123.630  48.710
-123.600  48.635
-123.540  48.670
-123.560  48.710
-123.640  48.650
-124.020  48.690
-123.705  48.630
-123.600  48.740
-123.810  48.630
-124.065  48.695
-124.110  48.720
-123.820  48.640
-124.125  48.725
-123.940  48.480
-123.890  48.580
-123.895  48.560
-123.800  48.600
-124.000  48.580
-124.010  48.610
-123.910  48.500
-123.920  48.425
-124.000  48.620
-124.190  48.670
-123.945  48.415
-124.040  48.650
-124.020  48.520
-124.020  48.515
-124.145  48.810
-124.155  48.615
-124.210  48.590
-123.910  48.495
-124.110  48.615
-124.135  48.600
-124.150  48.810
-123.810  48.690
-123.940  48.615
-123.910  48.495
-124.165  48.760
-124.095  48.620
-123.990  48.510
-124.260  48.600
-123.780  48.720
-123.800  48.850
-123.850  48.700
-123.800  48.610
-123.810  48.740
-123.755  48.725
-124.120  48.780
-124.110  48.740
-124.020  48.675
-123.900  48.615
-123.780  48.710
-123.930  48.555
-124.000  48.710
-123.880  48.480
-124.100  48.790
-124.035  48.590
-123.940  48.610
-123.920  48.540
-123.910  48.515
-123.950  48.530
-124.015  48.610
-124.075  48.780
-123.990  48.450
-124.310  48.700
-124.130  48.630
-124.040  48.930
-124.030  48.920
-124.335  48.715
-124.215  48.625
-124.130  48.680
-124.100  48.730
-124.120  48.910
-124.180  48.795
-124.210  48.850
-124.190  48.700
-124.090  48.710
-124.035  48.870
-124.050  48.900
-124.435  48.750
-124.180  48.800
-124.155  48.725
-124.125  48.735
-124.335  48.715
-124.170  48.890
-124.235  48.715
-124.200  48.610
-124.280  48.820
-124.090  48.600
-124.185  48.710
-124.290  48.830
-124.210  48.840
-124.270  48.730
-124.010  48.865
-124.400  48.770
-124.200  48.660
-124.120  48.600
-124.170  48.690
-124.310  48.820
-124.130  48.700
-124.050  48.700
-124.320  48.735
-124.330  48.790
-124.095  48.725
-124.285  48.760
-124.050  48.630
-124.290  48.790
-124.250  48.725
-124.090  48.600
-124.100  48.600
-124.140  48.680
-124.135  48.690
-124.190  48.730
-124.195  48.815
-124.120  48.650
-124.180  48.700
-124.190  48.810
-124.040  48.670
-123.700  47.600
-123.300  48.700
-124.215  48.755
-124.130  48.700
-124.200  48.640
-124.200  48.740
-124.240  48.810
-124.200  48.850
-124.010  48.670