-122.855  47.690
-122.670  47.640
-122.810  47.600
-122.685  47.600
-122.660  47.660
-122.650  47.590
-122.710  47.630
-122.630  47.690
-122.690  47.580
-122.730  47.680
-122.700  47.670
-122.725  47.730
-122.705  47.570
-123.400  47.800
-122.810  47.525
-122.740  47.620
-122.880  47.680
-122.910  47.580
-122.700  47.680
-122.920  47.590
-122.770  47.580
-122.710  47.670
-122.775  47.610
-122.920  47.620
-122.580  47.570
-122.735  47.625
-122.660  47.690
-122.720  47.680
-122.710  47.605
-122.865  47.590
-122.865  47.660
-122.615  47.580
-122.700  47.710
-122.640  47.580
-122.400  48.100
-122.800  47.810
-122.820  47.810
-122.800  47.810
-122.795  47.805
-122.800  47.790
-122.500  47.910
-122.900  47.620
-122.900  47.560
-122.670  47.680
-122.710  47.635
-122.710  47.720
-122.920  47.740
-122.705  47.660
-122.570  47.610
-123.025  47.610
-122.570  47.585
-122.630  47.690
-122.980  47.810
-122.920  47.675
-122.990  47.400
-123.170  47.500
-122.880  47.545
-122.710  47.700
-122.800  47.600
-122.765  47.610
-122.910  47.670
-122.665  47.580
-122.770  47.660
-123.005  47.410
-122.775  47.680
-122.760  47.560
-122.740  47.640
-122.605  47.480
-122.660  47.630
-122.825  47.590
-122.780  47.620
-122.830  47.620
-122.900  47.600
-122.650  47.605
-122.600  47.610
-122.590  47.570
-122.915  47.580
-122.930  47.400
-122.900  47.585
-122.790  47.610
-122.860  47.670
-122.745  47.610
-122.790  47.590
-122.810  47.570
-122.810  47.570
-122.720  47.610
-122.810  47.530
-122.760  47.540
-122.830  47.530
-123.165  47.505
-122.810  47.665
-122.570  47.680
-122.730  47.625
-122.830  47.590
-122.950  47.540
-122.895  47.675
-122.665  47.565
-122.770  47.470
-122.870  47.510
-123.105  47.600
-122.585  47.530
-122.870  47.700
-122.835  47.630
-122.990  47.810
-122.900  47.610
-122.850  47.640
-122.890  47.675
-122.925  47.730
-122.910  47.710
-123.235  48.090
-122.645  47.595
-122.850  47.600
-122.700  47.620
-122.770  47.540
-122.820  47.540
-122.920  47.500
-122.930  47.475
-122.910  47.570
-122.820  47.530
-122.840  47.510
-122.920  47.660
-122.645  47.670
-122.885  47.580
-122.850  47.570
-122.905  47.580
-122.810  47.570
-122.880  47.510
-122.875  47.505
-122.970  47.600
-122.790  47.610
-122.860  47.435
-122.905  47.555
-123.355  47.610
-122.850  47.485
-122.770  47.670
-122.810  47.520
-122.815  47.520
-122.925  47.525
-123.040  47.610
-122.790  47.640
-123.140  47.580
-122.910  47.595
-122.840  47.590
-122.870  47.500
-122.770  47.550
-122.785  47.550
-123.000  47.550
-123.205  47.535
-123.010  47.555
-122.890  47.580
-122.830  47.560
-122.640  47.595
-122.765  47.640
-122.920  47.585
-122.755  47.610
-122.650  47.640
-123.230  47.590
-122.865  47.670
-123.290  47.600
-122.980  47.645
-122.640  47.615
-122.670  47.650
-123.030  47.615
-122.930  47.385
-122.935  47.675
-122.800  47.560
-122.675  47.620
-122.800  47.560
-122.915  47.605
-122.990  47.540
-122.990  47.520
-122.730  47.740
-122.895  47.580
-122.870  47.590
-122.800  47.670
-122.840  47.570
-122.580  47.510
-122.810  47.530
-122.790  47.590
-122.725  47.600
-122.785  47.680
-122.750  47.630
-122.880  47.690
-122.720  47.650
-122.770  47.660
-122.840  47.700
-122.910  47.680
-122.780  47.630
-122.645  47.625
-122.645  47.585
-122.600  47.580
-122.890  47.560
-122.790  47.550
-122.870  47.540
-122.780  47.550
-122.805  47.540
-122.895  47.540
-122.720  48.240
-122.790  47.540
-122.790  47.670
-122.660  47.590
-122.780  47.660
-122.670  48.430
-122.725  47.745
-122.660  47.635
-122.670  47.670
-122.630  47.655
-122.580  47.600
-122.850  47.710
-122.680  47.655
-122.870  47.700
-122.720  47.790
-122.715  47.710
-122.675  47.665
-122.880  47.660
-122.730  47.750
-122.730  47.645
-122.810  47.660
-122.910  47.760
-122.940  47.580
-122.890  47.610
-122.820  47.620
-122.860  47.600
-122.870  47.590
-122.900  47.600
-122.800  47.660
-122.750  47.670
-122.755  47.630
-122.720  47.620
-122.830  47.630
-122.905  47.650
-122.900  47.600
-122.910  47.610
-122.710  47.620
-122.800  47.580
-122.740  47.590
-122.775  47.630
-122.750  47.660
-122.900  47.620
-122.980  47.650
-122.930  47.625
-122.900  47.670
-122.900  47.660
-122.710  47.590
-122.810  47.660
-122.820  47.640
-122.720  47.650
-122.775  47.630
-122.760  47.640
-122.730  47.610
-122.810  47.620
-122.790  47.630
-122.770  47.680
-122.870  47.670
-122.930  47.570
-122.700  47.570
-122.885  47.600
-122.800  47.640
-122.870  47.590
-122.710  47.630
-122.780  48.300
-122.800  48.295
-122.820  47.770
-122.810  48.370
-122.840  48.320
-122.800  48.280
-122.790  48.280
-122.730  48.290
-122.665  48.270
-122.690  48.250
-122.720  48.300
-122.780  48.260
-122.770  47.820
-122.810  48.300
-122.770  47.755
-122.730  48.240
-122.790  48.290
-122.760  48.275
-122.770  48.330
-122.710  48.320
-122.870  48.245
-122.800  48.420
-122.710  48.425
-122.680  47.620
-122.660  47.650
-122.735  47.650
-122.740  47.600
-122.800  47.630
-122.775  47.520
-122.630  47.600
-122.730  47.670
-122.730  47.670
-122.975  47.570
-122.910  47.545
-122.780  47.580
-122.730  48.390
-122.765  48.290
-122.730  48.380
-122.770  48.390
-122.765  48.290
-122.730  48.380
-122.820  47.550
-122.690  48.410
-122.710  47.665
-122.880  47.670
-122.855  47.620
-122.940  47.620
-122.900  47.740
-123.030  47.700
-122.870  47.730
-122.835  47.835
-122.795  47.600
-122.735  47.725
-122.870  47.805
-122.785  47.680
-122.810  47.680
-123.030  47.680
-122.835  47.585
-122.820  48.220
-122.850  47.700
-122.800  48.330
-122.820  48.215
-122.940  47.790
-122.720  47.625
-123.030  47.620
-123.000  47.670
-122.910  47.680
-122.940  47.790
-123.005  47.620
-122.840  47.790
-122.790  47.810
-122.910  47.650
-122.675  47.600
-122.815  47.660
-122.855  47.605
-122.790  47.680
-122.850  48.255
-122.970  47.670
-122.860  47.620
-123.030  47.525
-122.805  47.520
-122.950  47.630
-123.050  47.590
-122.885  47.650
-122.765  47.500
-122.970  47.710
-122.765  47.775
-122.870  47.580
-122.820  47.570
-122.670  47.700
-122.780  47.535
-122.785  47.580
-122.635  47.610
-122.870  47.680
-122.895  47.645
-122.895  47.560
-122.900  47.505
-122.890  47.600
-122.785  47.680
-122.790  47.650
-122.730  47.600
-122.770  47.600
-122.810  47.540
-122.665  47.665
-122.830  47.735
-122.785  47.600
-122.780  47.680
-122.960  47.530
-122.840  47.590
-122.820  47.590
-122.720  47.600
-122.810  47.680
-122.740  47.620
-122.780  47.620
-122.800  47.610
-122.685  47.570
-122.920  47.560
-122.940  47.640
-122.865  47.585
-122.975  47.600
-122.880  47.560
-122.890  47.560
-123.010  47.530
-122.785  47.605
-122.840  47.590
-122.800  47.720
-122.615  47.625
-122.800  47.720
-122.800  47.650
-122.870  47.600
-122.910  47.590
-122.930  47.690
-122.800  47.675
-123.045  47.700
-122.900  47.550
-122.870  47.560
-123.000  47.520
-122.910  47.610
-122.835  47.580
-122.805  47.610
-123.030  47.460
-122.930  47.600
-122.930  47.620
-123.065  47.560
-122.930  47.565
-123.035  47.530
-122.870  47.600
-122.920  47.655
-122.960  47.610
-122.880  47.620
-122.860  47.630
-122.840  47.630
-122.995  47.550
-122.940  47.530
-123.100  47.670
-123.025  47.570
-123.100  47.600
-122.900  47.680
-122.825  47.500
-122.880  47.550
-122.865  47.710
-122.500  48.330
-122.810  47.575
-122.875  47.660
-122.770  47.660
-122.780  47.650
-122.800  47.665
-122.865  47.680
-122.850  47.670
-122.790  47.640
-122.735  47.610
-122.860  47.565
-122.930  47.520
-122.800  47.650
-122.840  47.670
-123.100  47.630
-122.660  47.560
-122.835  47.675
-122.980  47.600
-122.805  47.620
-122.800  47.630
-122.700  47.660
-122.740  47.660
-122.750  47.660
-122.980  47.675
-122.620  47.580
-122.735  47.585
-122.920  47.690
-122.810  47.785
-122.960  47.565
-122.825  47.570
-122.770  47.600
-123.035  47.710
-122.700  47.830
-122.990  47.790
-123.030  47.710
-122.975  47.510
-122.990  47.765
-122.815  47.800
-122.730  47.670
-122.665  47.770
-122.730  47.690
-122.980  47.780
-122.595  47.780
-122.725  47.690
-122.730  47.730
-122.700  47.770
-122.825  47.690
-122.625  47.675
-122.510  47.710
-123.090  47.740
-122.645  47.750
-123.035  47.740
-122.850  47.580
-123.045  47.695
-122.545  47.780
-122.940  47.600
-122.995  47.800
-122.930  47.580
-122.910  47.600
-122.990  47.735
-122.875  47.760
-122.845  47.620
-123.030  47.800
-122.420  47.710
-122.930  47.725
-122.805  47.670
-122.800  47.670
-122.880  47.620
-123.020  47.650
-122.690  47.680
-123.040  47.745
-123.075  47.775
-122.835  47.680
-122.940  47.720
-122.990  47.725
-123.095  47.740
-123.020  47.590
-123.020  47.700
-122.600  47.710
-122.555  47.775
-122.785  47.700
-122.870  47.610
-123.030  47.570
-122.950  47.660
-122.950  47.690
-123.000  47.630
-122.740  47.810
-122.870  47.720
-122.910  47.530
-122.910  47.600
-122.920  47.630
-122.990  47.815
-122.590  47.630
-122.830  47.565
-122.625  47.590
-122.835  47.560
-122.850  47.545
-122.835  47.805
-122.710  47.740
-122.925  47.780
-122.980  47.670
-122.760  47.800
-122.755  47.820
-122.660  47.850
-122.490  47.700
-122.780  47.770
-122.685  47.850
-122.580  47.660
-122.810  47.740
-122.875  47.710
-122.920  47.720
-122.925  47.780
-122.620  47.580
-122.710  47.810
-122.840  47.645
-123.100  47.600
-123.110  47.690
-123.040  47.580
-123.000  47.770
-122.800  47.810
-123.010  47.720
-122.720  47.620
-123.100  47.720
-123.050  47.690
-123.050  47.680
-122.925  47.575
-122.890  47.700
-122.460  47.705
-122.970  47.690
-122.890  47.630
-123.000  47.660
-122.590  47.725
-122.700  47.740
-122.935  47.670
-122.940  47.610
-122.725  47.805
-122.560  47.600
-122.770  47.700
-123.010  47.635
-122.900  47.760
-123.190  47.610
-122.960  47.730
-123.235  47.610
-122.840  47.600
-122.790  47.640
-122.910  47.660
-122.870  47.590
-122.730  47.705
-122.750  47.715
-122.845  47.705
-122.840  47.530
-122.880  47.700
-122.900  47.720
-122.880  47.630
-122.885  47.705
-123.025  47.615
-122.820  47.570
-122.725  47.640
-122.980  47.630
-122.720  47.655
-122.775  47.660
-123.040  47.485
-122.890  47.930
-123.035  47.610
-122.700  47.650
-122.980  47.810
-122.825  47.740
-122.910  47.920
-122.875  47.860
-122.760  47.680
-122.930  47.460
-123.020  47.530
-122.940  47.510
-122.940  47.530
-123.120  47.610
-122.990  47.525
-123.180  47.640
-123.105  47.735
-123.050  47.490
-122.830  47.710
-122.885  47.780
-122.860  47.540
-122.890  47.540
-122.970  47.520
-122.855  47.525
-122.820  47.625
-122.900  47.690
-123.110  47.710
-122.945  47.520
-122.935  47.890
-123.000  47.550
-122.940  47.540
-122.940  47.620
-122.820  47.570
-123.110  47.660
-122.970  47.550
-122.805  47.600
-122.995  47.565
-122.910  47.570
-123.070  47.565
-123.000  47.500
-122.935  47.670
-122.910  47.660
-122.880  47.570
-122.870  47.590
-122.925  47.470
-122.890  47.640
-122.875  47.620
-122.720  47.680
-122.620  47.560
-122.865  47.640
-122.750  47.670
-123.010  47.625
-123.060  47.700
-123.025  47.680
-123.040  47.620
-122.900  47.525
-123.150  47.580
-122.670  47.600
-122.740  47.810
-122.895  47.620
-123.095  47.535
-123.085  47.580
-122.810  47.625
-122.635  47.690
-122.810  47.560
-122.960  47.800
-122.900  47.555
-122.810  47.585
-122.830  47.570
-122.790  47.710
-122.820  47.630
-122.765  47.680
-122.800  47.690
-122.830  47.710
-122.825  47.625
-122.880  47.690
-122.830  47.620
-122.880  47.630
-122.790  47.620
-122.695  47.600
-122.670  47.610
-122.880  47.630
-122.770  47.620
-122.895  47.650
-123.010  47.620
-122.890  47.600
-122.875  47.575
-122.850  47.610
-122.910  47.655
-123.100  47.645
-122.835  47.600
-122.680  47.610
-122.825  47.615
-122.850  47.605
-122.765  47.580
-122.790  47.595
-122.920  47.705
-122.995  47.695
-122.820  47.830
-123.150  47.685
-122.860  47.835
-123.020  47.700
-123.105  47.630
-122.880  47.610
-122.670  47.730
-123.000  47.760
-122.680  47.900
-122.920  47.880
-122.840  47.730
-123.170  47.780
-123.010  47.800
-122.960  47.835
-123.185  47.810
-123.080  47.810
-122.910  48.015
-123.030  47.710
-122.915  47.990
-123.080  47.630
-122.950  47.830
-122.935  47.560
-122.880  47.720
-122.890  47.600
-123.040  47.590
-122.880  47.790
-122.960  47.830
-122.945  47.870
-123.090  47.510
-123.240  47.630
-122.875  48.010
-123.100  47.660
-123.010  47.490
-123.180  47.605
-122.920  47.580
-122.890  47.835
-122.885  47.720
-123.090  47.590
-122.950  47.560
-122.950  47.560
-122.960  47.575
-123.000  47.535
-123.015  47.610
-123.060  47.580
-123.215  47.590
-122.960  47.640
-122.800  47.690
-122.820  47.920
-122.835  48.060
-123.080  47.750
-122.580  48.000
-123.190  47.655
-122.985  47.805
-122.980  47.845
-122.895  47.815
-122.960  47.810
-123.000  47.810
-122.900  47.730
-123.080  47.730
-123.215  47.730
-123.030  47.880
-123.095  47.700
-123.040  47.720
-122.905  47.650
-123.080  47.595
-123.040  47.730
-122.885  48.055
-122.920  47.810
-122.915  47.480
-123.245  47.710
-123.170  47.700
-123.160  47.580
-123.075  47.780
-123.050  47.810
-123.100  47.840
-122.750  47.805
-123.095  47.645
-123.000  47.790
-123.090  47.810
-123.080  47.830
-123.050  47.810
-122.830  47.710
-122.790  47.690
-123.140  47.560
-123.220  47.620
-123.170  47.610
-123.005  47.895
-123.070  47.665
-123.000  47.740
-122.985  47.790
-122.950  47.730
-123.140  47.620
-123.165  47.795
-123.220  47.790
-123.100  47.650
-123.150  47.520
-122.985  47.510
-122.865  47.870
-123.220  47.710
-123.140  47.520
-122.745  47.940
-122.870  47.970
-123.110  47.530
-122.870  47.770
-122.810  47.605
-122.860  47.610
-123.005  47.500
-123.040  47.695
-122.940  47.600
-123.180  47.690
-123.165  47.760
-122.680  47.890
-123.220  47.610
-122.930  47.560
-122.925  48.060
-122.865  47.895
-123.105  47.565
-123.060  47.570
-123.315  47.630
-123.020  47.665
-122.920  47.780
-122.900  47.795
-123.165  47.680
-122.790  47.960
-122.940  48.120
-122.820  47.745
-123.090  47.540
-123.100  47.740
-123.180  47.730
-122.950  47.760
-122.915  47.775
-122.835  47.725
-122.700  47.910
-122.940  47.805
-122.800  47.570
-122.890  47.485
-123.035  47.780
-122.810  47.815
-123.080  47.530
-123.070  47.690
-122.950  47.760
-122.960  47.720
-122.920  47.750
-122.880  47.790
-122.915  47.800
-122.960  47.640
-122.865  47.620
-122.790  47.570
-123.000  47.630
-123.010  47.640
-122.880  47.770
-122.785  47.870
-123.000  47.475
-122.750  47.735
-122.900  47.500
-123.115  47.690
-122.980  47.740
-122.995  47.660
-122.990  47.610
-123.020  47.680
-123.010  47.730
-123.020  47.730
-123.080  47.740
-122.730  47.700
-122.995  47.580
-123.035  47.780
-122.835  47.780
-123.295  47.670
-122.950  47.870
-122.950  47.815
-122.790  47.915
-122.950  47.820
-123.115  47.760
-123.140  47.755
-123.125  47.780
-122.820  47.950
-122.750  47.705
-122.760  47.900
-122.790  47.720
-122.975  47.790
-123.035  47.790
-122.810  47.770
-123.070  47.770
-123.130  47.685
-123.140  47.670
-123.225  47.620
-122.990  47.570
-123.010  47.570
-122.860  47.690
-122.820  47.780
-122.810  47.920
-123.190  47.880
-123.160  47.800
-122.780  47.600
-122.915  47.895
-122.900  47.755
-122.880  47.775
-122.770  47.915
-123.090  47.530
-123.305  47.575
-123.110  47.530
-123.200  47.700
-122.910  48.080
-123.210  47.630
-122.870  47.700
-122.925  47.720
-123.030  47.770
-123.400  47.635
-122.925  47.700
-123.085  47.645
-123.260  47.650
-123.075  47.650
-122.975  47.755
-123.040  47.690
-123.070  47.770
-123.150  47.680
-123.060  47.600
-123.100  47.830
-122.920  47.600
-122.980  47.700
-123.110  47.880
-123.320  47.550
-123.190  47.785
-123.015  47.600
-122.960  47.660
-122.830  47.585
-123.150  47.760
-123.290  47.690
-123.180  47.610
-122.950  47.670
-123.060  47.710
-123.170  47.720
-122.970  47.540
-123.060  47.790
-123.080  47.710
-123.060  47.720
-123.070  47.670
-123.120  47.690
-122.880  47.790
-122.960  47.810
-123.155  47.590
-123.000  47.625
-122.900  47.620
-122.850  47.735
-123.050  47.750
-123.040  47.725
-123.090  47.810
-123.235  47.760
-123.130  47.770
-123.110  47.770
-123.220  47.805
-123.190  47.790
-123.050  47.570
-123.055  47.900
-123.010  47.790
-123.075  47.800
-123.220  47.770
-123.360  47.620
-123.115  47.890
-123.315  47.620
-123.020  47.590
-123.170  47.710
-123.110  47.710
-123.000  47.805
-122.900  47.640
-122.935  47.780
-123.290  47.730
-122.920  47.840
-123.180  47.810
-123.015  47.680
-123.060  47.570
-122.990  47.650
-122.970  47.655
-123.215  47.805
-123.020  47.700
-123.245  47.640
-123.100  47.710
-123.235  47.600
-122.910  47.595
-123.080  47.640
-123.030  47.585
-122.960  47.695
-123.020  47.800
-123.240  47.640
-123.285  47.700
-123.240  47.780
-123.130  47.630
-123.065  47.660
-123.065  47.630
-123.110  47.670
-123.030  47.710
-123.395  47.675
-122.980  47.780
-123.110  47.970
-123.200  47.570
-123.260  47.980
-122.905  47.820
-123.200  47.570
-123.060  47.660
-123.215  47.650
-122.980  47.790
-123.470  47.610
-123.250  47.810
-123.130  47.570
-123.160  47.730
-123.220  47.720
-123.340  47.680
-123.240  47.690
-123.290  47.670
-123.100  47.610
-123.460  47.610
-123.040  47.590
-123.225  47.790
-123.220  47.650
-123.240  47.680
-123.135  47.670
-123.270  47.640
-122.980  47.700
-122.900  47.660
-123.220  47.550
-122.970  47.700
-123.065  47.880
-123.160  47.740
-123.365  47.750
-123.005  47.710
-122.985  47.710
-122.915  47.870
-122.930  47.800
-123.050  47.485
-123.120  47.860
-123.120  47.830
-123.030  47.675
-122.980  47.715
-122.905  47.750
-123.030  47.540
-122.970  47.700
-123.060  47.715
-123.035  47.685
-122.970  47.690
-122.930  47.505
-123.340  47.790
-123.320  47.690
-123.215  47.665
-123.100  47.630
-123.600  47.900
-122.825  47.910
-123.120  47.890
-123.110  47.875
-122.955  47.480
-123.000  47.930
-123.255  47.975
-123.120  47.940
-122.940  47.780
-123.175  48.020
-123.355  47.735
-123.290  47.670
-123.210  48.030
-123.095  47.870
-123.060  47.930
-123.015  47.950
-122.980  47.840
-123.275  47.690
-122.905  47.800
-123.120  47.780
-123.185  48.020
-123.110  47.840
-122.880  48.080
-122.820  48.110
-122.830  48.005
-123.220  47.890
-122.980  47.980
-122.860  48.110
-122.820  47.920
-123.260  47.825
-123.210  47.600
-123.070  47.545
-123.090  47.560
-123.290  47.635
-123.330  47.615
-123.010  47.860
-122.915  48.010
-123.240  47.830
-123.280  47.845
-123.160  47.870
-122.860  48.110
-123.100  47.860
-123.520  47.590
-123.080  47.820
-122.950  48.045
-123.165  47.610
-123.260  47.725
-123.050  47.760
-123.010  47.795
-123.170  47.940
-123.210  47.745
-123.170  47.740
-123.390  47.680
-122.870  47.755
-122.950  47.785
-123.305  47.590
-123.290  47.690
-123.000  47.670
-122.890  47.820
-123.290  47.870
-123.085  47.925
-123.310  47.810
-123.110  47.840
-123.200  47.825
-123.390  47.820
-123.120  47.820
-123.355  47.785
-123.370  47.690
-123.170  47.720
-123.140  47.730
-122.870  47.810
-122.920  47.810
-123.220  47.670
-123.145  47.595
-122.990  47.790
-122.880  48.005
-122.910  48.110
-122.990  47.790
-122.950  47.780
-123.570  47.890
-123.250  47.780
-123.260  47.790
-122.990  47.975
-123.010  47.510
-122.985  47.700
-122.970  47.880
-123.060  47.750
-122.950  47.930
-123.125  47.720
-123.210  47.810
-123.080  47.845
-122.970  47.800
-123.170  47.790
-123.300  47.830
-123.110  47.800
-123.055  47.810
-123.230  47.860
-123.120  47.840
-122.900  47.890
-123.345  47.800
-123.270  47.830
-123.040  47.890
-123.250  47.780
-123.220  47.835
-123.085  48.010
-123.295  48.035
-123.170  47.900
-123.220  47.965
-123.320  48.000
-122.990  47.980
-123.080  47.950
-122.990  48.030
-123.075  47.980
-123.110  47.860
-123.110  48.015
-123.000  47.940
-123.200  47.970
-123.280  47.900
-122.755  47.920
-123.150  48.020
-123.200  48.010
-123.265  47.990
-123.330  47.710
-123.000  47.780
-123.200  47.790
-123.105  47.970
-122.900  48.160
-123.160  47.970
-123.080  47.995
-123.080  47.970
-123.170  47.900
-123.215  47.610
-123.220  47.870
-123.145  47.910
-122.990  47.800
-122.930  47.855
-123.070  47.890
-122.970  48.005
-123.165  47.905
-123.025  48.030
-123.220  47.920
-123.130  47.880
-123.080  48.000
-122.910  47.810
-123.010  48.010
-123.070  47.830
-122.920  47.950
-123.130  47.640
-122.930  47.655
-122.800  47.710
-122.860  47.580
-122.950  47.970
-123.190  47.715
-123.250  47.730
-123.175  47.880
-122.725  48.020
-123.225  47.570
-123.060  47.820
-122.870  47.880
-123.170  47.890
-123.005  48.065
-122.920  47.640
-122.720  47.590
-123.230  47.905
-123.160  47.990
-123.260  47.880
-123.180  47.910
-123.080  47.840
-123.135  47.740
-123.100  47.775
-122.910  48.105
-122.930  47.780
-123.115  47.730
-122.720  47.900
-122.890  47.940
-122.830  47.950
-122.875  47.980
-123.000  48.030
-122.900  47.985
-123.115  48.040
-123.015  48.050
-123.255  47.700
-123.160  47.810
-122.900  47.610
-122.705  47.670
-122.930  47.780
-123.400  47.710
-122.810  48.110
-122.940  48.080
-122.800  48.025
-122.810  48.080
-122.830  48.000
-123.130  47.750
-123.160  47.980
-123.510  47.680
-123.070  48.025
-122.940  47.750
-122.935  47.885
-123.400  47.710
-123.140  47.890
-123.090  47.895
-122.905  47.660
-122.925  48.000
-123.230  47.950
-123.190  47.910
-123.200  47.890
-122.745  48.085
-122.890  47.770
-122.950  47.640
-123.200  47.555
-123.290  47.800
-123.180  47.610
-123.080  47.900
-123.180  47.850
-122.850  47.585
-122.790  47.625
-122.820  47.660
-122.835  47.965
-123.290  47.865
-123.055  47.880
-122.885  47.740
-122.820  47.670
-122.860  47.670
-122.700  47.660
-122.760  47.690
-122.730  47.670
-122.775  47.630
-122.725  47.720
-122.740  47.675
-122.910  48.150
-122.970  48.035
-123.290  48.000
-123.320  47.930
-123.105  48.010
-122.910  48.015
-122.890  48.040
-123.220  47.920
-122.890  47.590
-122.930  47.760
-122.955  47.860
-123.030  47.825
-122.960  47.920
-123.035  47.810
-122.925  47.710
-123.065  47.680
-122.790  47.590
-122.880  47.580
-122.890  47.520
-122.755  47.700
-123.080  47.680
-122.905  47.720
-122.845  47.710
-123.220  47.910
-122.760  47.600
-122.960  47.700
-123.110  47.710
-122.860  47.590
-122.760  47.630
-123.225  47.740
-122.770  47.660
-123.220  47.890
-123.180  47.800
-122.970  47.800
-123.180  47.915
-123.020  47.800
-122.735  47.600
-123.130  47.900
-122.855  47.660
-123.190  47.890
-123.100  47.900
-123.130  47.890
-122.900  47.900
-122.980  48.090
-123.200  47.900
-123.110  47.960
-123.230  47.725
-123.060  47.940
-123.135  47.780
-122.990  47.790
-123.040  47.965
-123.150  47.835
-122.985  48.140
-122.930  48.110
-122.750  47.980
-122.870  47.980
-123.020  48.000
-123.190  47.780
-122.780  48.120
-122.810  48.080
-122.895  47.980
-123.190  47.890
-123.110  47.890
-122.980  47.920
-123.140  47.880
-122.970  48.015
-123.320  47.810
-123.010  47.890
-123.340  47.835
-123.215  47.865
-123.040  47.990
-123.315  47.780
-123.330  47.780
-122.630  47.750
-122.980  47.535
-123.240  47.690
-123.205  47.900
-122.955  48.000
-123.330  47.840
-123.170  47.990
-123.070  47.735
-123.010  47.995
-123.080  47.900
-123.025  47.890
-123.070  47.880
-123.320  47.800
-123.005  47.940
-122.805  47.630
-122.715  48.070
-123.240  47.945
-122.915  47.900
-123.320  47.860
-123.380  48.100
-123.255  48.020
-123.285  48.020
-123.300  47.980
-123.255  48.060
-122.820  47.510
-123.130  47.670
-123.210  47.910
-123.190  48.020
-123.250  48.030
-122.880  47.625
-122.720  47.585
-122.770  47.630
-122.850  47.620
-122.810  47.600
-123.120  47.990
-123.245  48.090
-122.920  47.320
-123.320  47.965
-123.125  48.120
-123.065  48.060
-123.420  47.970
-122.820  47.585
-123.035  47.605
-122.820  47.510
-123.030  47.605
-123.160  47.965
-123.110  47.655
-122.890  47.420
-123.030  47.495
-122.870  47.580
-122.840  47.580
-123.040  47.530
-122.930  47.520
-122.760  47.520
-123.080  47.480
-123.080  47.540
-122.890  47.550
-122.975  47.560
-122.830  47.470
-122.880  47.590
-122.865  47.575
-123.050  47.530
-122.700  47.530
-123.190  48.065
-122.740  47.510
-122.990  47.620
-123.280  47.990
-123.385  47.830
-122.935  47.410
-123.300  48.020
-123.310  48.050
-123.000  47.355
-122.930  47.390
-123.400  48.040
-123.340  47.940
-123.330  47.960
-123.315  47.980
-123.130  47.855
-123.200  47.940
-123.210  48.000
-123.240  48.130
-123.220  47.460
-122.990  47.390
-123.390  48.070
-123.410  48.015
-123.030  48.060
-123.020  48.085
-123.040  48.005
-123.105  48.080
-122.820  47.450
-123.330  47.900
-123.250  48.000
-122.940  47.435
-123.080  47.420
-122.950  47.410
-123.540  47.900
-123.040  47.470
-123.120  47.405
-123.040  47.490
-123.000  47.450
-122.960  47.400
-123.040  47.610
-122.950  47.430
-122.875  47.460
-123.215  48.115
-122.945  47.440
-122.870  47.390
-122.780  47.470
-122.960  47.390
-123.190  47.860
-123.155  47.905
-123.485  47.920
-122.925  47.425
-123.090  47.400
-123.095  47.430
-123.070  47.420
-122.950  47.440
-123.185  47.540
-122.910  47.590
-122.970  47.410
-123.135  47.470
-123.110  47.630
-123.055  47.970
-123.190  47.970
-123.145  48.005
-123.115  47.990
-123.300  48.000
-123.030  48.030
-122.990  48.000
-123.100  47.980
-123.010  47.880
-123.180  47.915
-122.890  47.555
-122.890  47.520
-122.920  47.630
-122.910  47.395
-122.890  47.375
-122.790  47.520
-122.905  47.490
-123.195  47.930
-123.040  48.120
-122.935  47.360
-123.000  47.450
-122.850  47.510
-123.040  47.440
-122.925  47.530
-122.895  47.870
-122.890  47.855
-122.890  48.120
-123.040  48.030
-122.930  47.420
-123.130  47.920
-123.220  47.530
-123.180  47.570
-123.330  48.060
-123.200  48.090
-123.035  47.910
-122.920  47.930
-123.010  47.550
-123.180  47.880
-123.215  48.040
-122.870  47.490
-122.910  48.130
-122.910  48.140
-122.725  47.540
-122.825  47.370
-123.210  47.830
-123.010  47.895
-123.100  47.980
-123.175  48.010
-123.280  48.015
-123.300  47.890
-123.290  47.890
-123.250  47.870
-123.200  48.030
-123.350  47.935
-123.070  47.640
-123.215  47.890
-123.090  47.910
-122.770  47.595
-122.825  47.410
-123.200  48.000
-123.225  47.945
-123.160  48.190
-123.080  48.120
-123.230  48.000
-123.140  47.945
-123.070  47.620
-122.970  47.890
-122.950  47.515
-123.310  48.040
-122.990  47.520
-123.330  47.805
-123.250  47.780
-123.180  48.080
-123.290  47.845
-123.300  48.110
-123.185  48.010
-123.205  47.800
-123.010  47.490
-122.890  47.410
-122.875  47.490
-122.915  47.490
-122.950  47.420
-123.100  47.635
-123.180  48.120
-123.165  48.160
-122.800  47.580
-122.805  47.470
-123.130  48.090
-123.300  47.780
-123.305  47.860
-123.300  47.780
-123.350  47.750
-123.410  47.720
-123.190  47.900
-122.870  47.470
-123.340  47.800
-123.310  47.980
-123.265  47.965
-123.260  47.930
-123.300  48.010
-123.380  47.945
-123.160  48.060
-123.170  48.050
-123.100  48.070
-123.315  48.050
-123.480  47.910
-123.090  47.840
-123.420  47.820
-123.140  47.910
-123.230  48.060
-123.020  47.990
-123.090  47.410
-123.115  47.960
-122.850  47.395
-122.890  47.380
-123.260  48.080
-123.010  47.490
-123.010  47.340
-122.950  47.330
-123.380  48.010
-123.290  48.105
-123.045  47.425
-122.905  47.340
-123.000  47.340
-122.955  47.345
-123.020  47.320
-123.160  48.110
-123.250  47.920
-123.350  47.990
-123.300  48.020
-123.065  47.405
-123.290  48.090
-123.100  47.470
-122.950  47.330
-123.095  47.490
-123.375  47.780
-123.440  48.030
-123.370  48.100
-123.010  47.430
-123.425  47.915
-123.225  47.910
-123.260  48.130
-123.115  47.940
-123.085  47.745
-122.915  47.410
-123.160  47.665
-123.310  47.860
-123.300  47.620
-123.155  47.430
-123.110  48.020
-123.260  48.070
-123.115  47.730
-123.120  47.780
-123.210  47.980
-123.065  47.930
-123.250  47.900
-123.320  47.730
-123.100  47.810
-123.180  47.780
-123.180  47.795
-123.230  47.860
-123.220  47.930
-123.130  47.810
-123.295  47.940
-123.230  47.795
-122.855  47.350
-123.125  47.510
-122.900  47.600
-122.960  47.410
-122.860  47.405
-123.020  47.320
-122.930  47.390
-123.330  48.120
-122.920  47.410
-123.425  47.895
-122.950  47.340
-123.080  47.370
-123.000  47.340
-122.970  47.335
-123.050  47.380
-122.950  47.400
-122.960  47.380
-123.055  47.370
-122.940  47.430
-123.140  47.975
-123.320  48.030
-123.185  47.895
-123.330  47.740
-123.340  47.825
-123.350  48.110
-123.460  47.855
-122.875  47.330
-123.390  47.980
-123.000  47.430
-122.850  47.340
-123.230  48.075
-123.200  48.040
-123.210  48.090
-122.940  47.305
-123.100  47.350
-123.015  47.400
-123.085  47.375
-123.570  47.895
-123.120  47.315
-123.390  48.160
-123.400  47.810
-122.760  47.450
-122.770  47.470
-123.000  47.510
-122.955  47.405
-123.600  47.920
-122.980  47.400
-123.020  47.460
-122.880  47.320
-123.030  47.310
-122.935  47.305
-122.870  47.380
-123.120  47.340
-122.975  47.450
-123.605  47.990
-123.040  47.330
-123.345  48.130
-123.600  47.920
-123.210  47.390
-122.960  47.310
-123.285  47.605
-122.925  47.310
-123.000  47.310
-123.290  48.080
-123.355  48.015
-123.200  47.420
-123.030  47.390
-122.865  47.410
-123.070  47.380
-123.035  47.340
-123.080  47.360
-123.010  47.320
-122.885  47.360
-123.090  47.515
-123.335  48.010
-123.060  48.000
-123.070  47.490
-122.980  47.550
-122.970  47.410
-123.085  47.390
-122.970  47.410
-122.965  47.425
-123.070  47.540
-123.240  48.050
-122.900  47.320
-122.920  47.380
-123.100  47.375
-122.960  47.450
-123.280  47.710
-122.930  47.460
-123.265  47.990
-122.910  47.470
-123.045  47.500
-122.945  47.390
-123.200  47.910
-123.250  47.970
-123.280  47.980
-122.795  47.370
-123.280  47.750
-123.240  47.805
-122.975  47.440
-123.195  48.010
-123.280  48.095
-123.280  48.005
-123.325  48.005
-122.895  47.550
-122.885  47.520
-122.990  47.420
-123.320  48.090
-123.025  47.400
-122.990  47.410
-123.170  47.920
-122.790  47.415
-122.800  47.375
-122.915  47.515
-122.790  47.380
-123.120  48.040
-123.285  47.810
-122.830  47.340
-122.780  47.520
-123.190  47.970
-123.195  48.130
-123.220  48.115
-123.255  48.110
-123.095  48.025
-123.080  47.410
-123.030  47.450
-123.220  47.870
-122.870  47.385
-122.900  47.510
-123.055  47.470
-122.950  47.410
-123.005  47.590
-122.955  47.465
-122.910  47.430
-122.830  47.410
-122.980  47.475
-122.770  47.470
-122.880  47.440
-122.980  47.450
-122.870  47.460
-122.990  47.390
-123.050  47.380
-122.970  47.445
-122.810  47.460
-122.845  47.340
-122.915  47.460
-122.830  47.390
-123.150  47.990
-123.240  47.960
-123.155  47.980
-123.400  47.960
-123.280  47.990
-123.280  47.980
-123.270  47.830
-123.330  47.910
-123.205  47.820
-123.000  47.510
-122.760  47.465
-122.750  47.385
-122.965  47.485
-123.310  47.870
-123.260  47.870
-123.255  47.970
-123.290  48.020
-123.360  48.060
-123.020  47.980
-122.830  47.355
-123.215  47.930
-123.290  47.910
-123.160  48.000
-123.170  47.970
-123.200  47.930
-123.115  47.850
-123.245  47.880
-123.110  47.945
-123.100  48.060
-123.190  47.895
-123.130  47.990
-123.080  48.005
-123.130  47.980
-122.980  47.360
-123.035  47.340
-123.260  47.820
-123.440  47.990
-122.980  47.440
-122.975  47.370
-122.880  47.400
-123.185  47.410
-123.050  47.330
-123.000  47.410
-122.950  47.400
-122.940  47.460
-122.995  47.390
-123.000  47.400
-123.080  47.380
-122.630  47.500
-122.780  47.410
-122.850  47.410
-123.080  47.370
-123.180  47.690
-123.005  47.365
-123.020  47.290
-123.420  47.870
-123.375  47.875
-122.950  47.300
-122.935  47.395
-122.930  47.410
-122.990  47.510
-123.060  47.440
-122.795  47.415
-122.600  47.500
-123.340  47.740
-122.820  47.355
-122.815  47.435
-122.835  47.400
-122.950  47.430
-122.870  47.330
-123.380  48.105
-123.360  48.090
-123.030  47.340
-123.465  48.070
-123.370  47.990
-123.460  48.070
-123.330  48.110
-123.390  47.990
-123.525  48.140
-123.330  48.215
-123.530  48.080
-123.200  48.075
-123.170  48.065
-123.035  47.390
-123.410  48.090
-123.300  48.195
-123.180  47.820
-123.400  48.120
-123.350  48.100
-123.030  47.320
-123.350  48.210
-123.390  48.130
-123.320  48.115
-123.555  48.090
-123.365  48.145
-123.320  48.190
-123.220  48.080
-123.270  48.110
-123.240  48.120
-123.380  48.080
-123.100  47.560
-123.395  47.995
-123.430  48.020
-123.360  48.170
-123.410  48.075
-122.950  47.350
-123.470  48.030
-123.415  48.190
-123.370  48.220
-123.235  48.155
-123.280  48.130
-123.390  48.010
-123.340  48.100
-123.320  48.070
-123.340  48.090
-123.310  48.065
-123.270  48.070
-123.380  48.160
-123.350  48.190
-123.480  48.080
-123.460  48.040
-123.240  48.080
-123.370  48.000
-123.340  48.180
-122.910  47.410
-123.370  47.880
-123.460  48.215
-123.185  48.100
-123.125  48.090
-123.285  48.280
-123.530  48.245
-123.310  48.170
-123.280  48.110
-123.070  48.065
-123.270  48.195
-123.360  47.990
-123.280  48.060
-123.270  48.130
-123.290  48.140
-123.305  48.165
-123.220  48.005
-123.290  47.965
-123.460  48.195
-123.350  48.175
-123.120  48.090
-123.340  48.230
-123.215  48.030
-123.250  47.970
-123.380  47.935
-123.330  48.070
-123.335  48.030
-123.405  47.990
-123.320  48.005
-123.320  47.990
-123.235  48.120
-123.250  48.160
-123.330  48.130
-123.360  48.105
-123.480  48.090
-123.315  47.980
-123.220  47.430
-123.255  48.040
-123.100  47.340
-123.400  47.990
-123.210  47.980
-123.420  48.225
-123.090  47.310
-123.370  48.080
-123.100  47.485
-123.115  48.070
-123.230  48.090
-123.210  48.125
-123.330  48.050
-123.300  48.040
-123.210  48.150
-123.180  48.000
-123.240  48.040
-123.210  48.030
-123.185  48.020
-123.360  47.920
-123.440  48.020
-123.340  47.985
-122.800  47.410
-122.950  47.330
-123.400  48.040
-123.400  48.030
-123.440  48.130
-123.420  48.190
-123.430  48.130
-123.440  48.070
-123.220  48.070
-123.575  48.020
-123.595  48.050
-123.510  48.035
-123.485  48.135
-123.590  48.100
-123.580  48.070
-123.495  48.000
-123.290  48.110
-123.475  48.130
-123.090  47.400
-123.610  48.090
-123.135  47.365
-122.980  47.310
-122.950  47.310
-123.520  48.225
-123.060  47.350
-123.100  47.395
-123.325  48.170
-123.615  48.015
-123.380  48.060
-123.260  47.850
-123.460  48.165
-123.025  47.345
-122.980  47.320
-123.400  47.970
-123.540  47.990
-123.060  47.270
-123.165  47.475
-123.600  47.875
-123.480  48.225
-123.395  48.180
-122.920  47.320
-123.410  48.060
-123.350  48.015
-123.385  47.900
-123.520  47.930
-123.225  47.900
-123.195  47.910
-123.305  48.020
-123.240  48.000
-123.210  47.910
-123.120  48.095
-123.260  48.075
-123.300  48.020
-123.360  48.000
-123.300  47.975
-123.105  47.430
-123.280  48.010
-123.620  47.900
-123.110  47.340
-122.970  47.300
-122.870  47.340
-122.935  47.300
-122.910  47.310
-122.940  47.310
-123.035  47.420
-122.950  47.370
-122.920  47.320
-123.000  47.290
-123.420  48.130
-123.380  48.105
-123.070  47.380
-123.025  47.380
-123.370  48.060
-123.600  48.065
-123.540  48.020
-123.210  48.155
-122.935  47.335
-123.000  47.325
-123.350  48.140
-123.330  48.080
-123.280  48.105
-122.990  47.390
-123.180  48.030
-123.550  48.000
-123.455  48.040
-123.440  48.005
-123.460  47.970
-123.570  47.980
-123.480  48.145
-123.530  48.070
-123.185  48.200
-123.530  47.970
-123.440  48.040
-123.100  47.400
-123.470  48.080
-123.410  47.900
-122.995  47.295
-122.980  47.410
-123.080  47.400
-122.870  47.390
-122.900  47.400
-122.845  47.420
-122.985  47.390
-122.890  47.430
-122.915  47.350
-123.130  47.270
-122.880  47.350
-123.010  47.320
-122.990  47.310
-123.095  47.350
-123.060  47.370
-123.385  48.060
-123.390  48.140
-123.030  47.410
-122.885  47.330
-123.305  48.050
-122.990  47.350
-123.420  48.065
-123.420  48.070
-123.430  48.100
-123.290  48.180
-123.220  48.080
-123.510  48.020
-123.460  48.020
-123.230  47.980
-123.360  48.080
-123.450  48.120
-123.250  47.940
-123.310  48.025
-123.515  47.865
-123.490  47.875
-123.400  48.010
-123.400  48.130
-123.530  47.970
-123.180  47.810
-123.220  48.040
-122.935  47.340
-123.490  48.150
-123.550  48.180
-123.140  47.340
-123.375  48.080
-123.430  48.070
-123.510  47.890
-123.195  48.095
-123.140  47.300
-123.050  47.290
-123.000  47.330
-123.360  48.090
-123.080  47.495
-123.165  47.390
-123.200  48.070
-123.570  48.090
-123.395  48.135
-123.140  48.080
-123.410  48.040
-122.915  47.360
-123.070  47.380
-123.015  47.385
-123.025  47.290
-122.970  47.290
-122.890  47.350
-122.930  47.340
-123.130  47.310
-123.020  47.310
-123.030  47.350
-123.630  47.915
-122.980  47.295
-123.350  48.050
-123.000  47.320
-122.790  47.370
-123.460  48.070
-123.145  47.335
-123.535  47.970
-123.030  47.360
-123.435  48.055
-123.130  47.340
-123.410  47.990
-123.490  47.970
-123.100  47.530
-123.130  47.385
-122.975  47.380
-122.875  47.390
-123.510  48.100
-122.970  47.380
-123.490  48.020
-123.195  47.360
-123.080  47.360
-123.065  47.370
-123.010  47.370
-122.940  47.375
-123.480  48.230
-123.490  48.170
-123.330  48.200
-123.405  48.200
-123.360  48.090
-123.680  48.010
-123.235  48.080
-123.590  48.070
-123.470  48.160
-123.400  48.210
-123.750  48.180
-123.265  48.190
-123.580  48.020
-123.435  48.200
-123.480  48.200
-122.970  47.290
-123.135  47.310
-123.340  48.120
-123.460  48.160
-123.370  48.110
-123.250  48.095
-123.390  48.180
-123.240  48.135
-123.305  48.170
-123.470  48.190
-123.410  48.235
-123.370  48.240
-123.470  48.250
-123.615  48.125
-123.280  48.160
-123.550  48.130
-123.520  48.240
-123.330  48.000
-123.510  48.300
-123.600  48.260
-123.860  48.110
-123.670  48.190
-123.575  48.160
-123.560  48.130
-123.600  48.170
-123.570  48.170
-123.470  48.130
-123.660  48.110
-123.690  48.095
-123.655  48.090
-123.585  48.100
-123.595  48.170
-123.510  48.140
-123.600  48.200
-123.115  47.300
-123.540  48.075
-123.440  48.190
-123.520  48.210
-123.550  48.200
-123.525  48.250
-123.460  48.380
-123.485  48.280
-123.475  48.210
-123.355  48.260
-123.410  48.270
-123.450  48.280
-123.605  48.225
-123.700  48.110
-123.660  48.220
-123.630  48.150
-123.540  48.280
-123.610  48.170
-123.730  48.190
-123.590  48.100
-123.545  48.170
-123.535  48.190
-123.630  48.210
-123.650  48.210
-123.620  48.240
-123.710  48.120
-123.710  48.110
-123.800  48.075
-123.750  48.120
-123.640  48.195
-123.600  48.020
-123.340  47.905
-123.560  48.085
-123.630  48.130
-123.605  48.160
-123.520  48.210
-123.450  48.170
-123.460  48.190
-123.870  48.295
-123.430  48.170
-123.665  48.110
-123.800  48.030
-123.705  48.095
-123.770  48.135
-123.530  48.250
-123.740  48.020
-123.730  48.200
-123.890  48.330
-123.780  48.120
-123.840  48.000
-123.730  48.210
-123.420  47.910
-123.600  48.180
-123.760  48.120
-123.480  48.280
-123.470  48.250
-123.470  48.260
-123.390  48.010
-123.370  48.080
-123.590  48.180
-123.590  48.180
-123.080  47.300
-123.630  48.200
-123.325  48.115
-123.630  48.200
-123.495  48.160
-123.390  48.150
-123.530  48.215
-123.410  48.120
-123.660  48.070
-123.725  48.080
-123.485  48.210
-123.510  48.180
-123.660  48.120
-123.670  48.060
-123.815  48.080
-123.890  48.040
-123.670  48.215
-123.660  48.210
-123.820  48.135
-123.535  48.260
-123.590  48.160
-123.400  48.250
-123.520  48.285
-123.355  48.160
-123.280  47.695
-123.170  47.975
-123.440  47.970
-123.310  47.865
-123.510  48.180
-123.530  48.215
-123.335  48.080
-123.330  48.035
-123.270  48.080
-123.390  48.100
-123.490  48.070
-123.380  48.070
-123.260  48.110
-123.490  48.140
-123.505  48.150
-123.475  48.030
-123.520  48.060
-123.370  48.020
-123.360  48.005
-123.390  47.905
-123.440  48.300
-123.340  48.210
-123.350  48.060
-123.305  48.010
-123.355  48.015
-123.330  48.060
-123.210  47.955
-123.315  48.180
-123.240  48.000
-122.950  47.420
-122.950  47.345
-122.910  47.405
-123.610  48.090
-123.400  48.010
-123.360  48.260
-123.270  48.050
-122.990  47.300
-122.970  47.310
-123.305  47.850
-123.190  47.490
-123.270  48.095
-123.255  48.090
-123.210  47.960
-123.415  47.935
-123.190  48.010
-123.170  47.970
-123.175  47.955
-122.910  47.360
-122.975  47.470
-122.965  47.460
-123.620  48.180
-123.100  47.400
-122.975  47.380
-122.960  47.390
-123.025  47.390
-123.105  47.440
-123.530  48.240
-123.670  48.275
-122.995  47.390
-123.010  47.460
-123.130  47.370
-123.300  47.990
-123.380  48.000
-123.455  48.190
-123.540  48.170
-123.390  48.220
-123.490  48.200
-123.510  48.200
-123.535  48.220
-123.430  48.180
-123.450  48.220
-123.280  48.160
-123.290  48.095
-123.715  48.110
-123.435  48.150
-123.410  48.310
-123.620  48.095
-123.100  48.170
-123.595  48.220
-123.605  48.120
-123.610  48.160
-123.700  48.160
-123.760  48.065
-123.525  48.190
-123.450  48.220
-123.460  48.230
-123.440  48.250
-123.550  48.180
-123.580  48.195
-123.470  48.280
-123.505  48.260
-123.420  48.280
-123.110  48.200
-123.570  48.240
-123.385  48.210
-123.500  48.210
-123.620  48.170
-123.430  48.150
-123.250  48.045
-123.490  48.260
-123.440  48.230
-123.290  48.040
-123.290  48.040
-123.565  48.365
-123.490  48.145
-123.410  48.200
-123.310  47.990
-123.600  48.105
-123.560  48.090
-123.580  48.270
-123.530  48.320
-123.380  48.160
-123.530  48.070
-123.600  48.095
-123.500  48.330
-123.420  48.195
-123.600  48.180
-123.570  48.200
-123.410  48.125
-123.505  48.270
-123.605  48.070
-123.600  48.125
-123.630  48.110
-123.830  48.025
-123.580  48.070
-123.720  48.110
-123.580  48.090
-123.715  48.175
-123.400  48.220
-123.360  48.160
-123.345  48.215
-123.095  48.195
-123.265  48.180
-123.190  48.210
-123.360  48.205
-123.295  48.250
-123.280  48.225
-123.315  48.295
-123.250  48.180
-123.400  48.200
-123.770  48.310
-123.560  48.190
-123.240  48.230
-123.475  48.135
-123.680  48.190
-123.465  48.270
-123.450  48.270
-123.430  48.250
-123.355  48.250
-123.610  48.270
-123.610  48.240
-123.300  48.250
-123.240  48.280
-123.690  48.370
-123.520  48.200
-123.710  48.190
-123.640  48.030
-123.225  48.250
-123.525  48.280
-123.570  48.280
-123.465  48.250
-123.740  48.310
-123.620  48.190
-123.700  48.235
-123.490  48.225
-123.470  48.330
-123.440  48.330
-123.370  48.265
-123.570  48.300
-123.570  48.330
-123.610  48.320
-123.680  48.120
-123.675  48.160
-123.600  48.225
-123.670  48.090
-123.485  48.230
-123.670  48.270
-123.200  48.170
-123.175  48.240
-123.175  48.230
-123.475  48.190
-123.425  48.175
-123.380  48.200
-123.550  48.180
-123.310  48.240
-123.290  48.195
-123.760  48.185
-123.125  48.160
-123.220  48.190
-123.270  48.220
-123.690  48.240
-123.490  48.110
-123.780  48.270
-123.640  48.270
-123.110  48.230
-123.220  48.270
-123.580  48.290
-123.400  48.290
-123.720  48.190
-123.780  48.230
-123.600  48.310
-123.590  48.290
-123.620  48.290
-123.670  48.310
-123.660  48.380
-123.610  48.390
-123.850  48.260
-123.770  48.280
-123.625  48.095
-123.625  48.215
-123.635  48.260
-123.780  48.310
-123.775  48.290
-123.820  48.295
-123.700  48.220
-123.840  48.290
-123.710  48.100
-123.205  48.180
-123.515  48.220
-123.180  48.200
-123.130  48.285
-123.180  48.220
-123.140  48.160
-123.045  48.245
-123.105  48.210
-123.190  48.210
-123.120  48.185
-123.190  48.200
-123.370  48.240
-122.990  48.230
-123.070  48.230
-123.210  48.230
-123.090  48.210
-123.025  48.240
-123.225  48.250
-123.170  48.300
-123.220  48.230
-123.220  48.220
-123.500  48.280
-123.470  48.270
-123.340  48.190
-122.980  48.230
-123.280  48.170
-123.120  48.160
-122.970  48.170
-123.040  48.280
-123.065  48.230
-123.220  48.240
-123.465  48.290
-123.530  48.280
-123.705  48.310
-123.670  48.260
-123.540  48.130
-123.420  48.315
-123.815  48.310
-123.585  48.100
-123.565  48.020
-123.550  48.020
-123.710  48.120
-123.570  47.940
-123.685  48.150
-123.690  48.205
-123.595  47.990
-123.570  48.220
-123.500  48.260
-123.410  48.250
-123.280  48.215
-123.560  48.200
-123.550  48.160
-123.340  48.210
-123.450  48.230
-123.530  48.220
-123.470  48.190
-123.505  48.245
-123.520  48.280
-123.500  48.280
-123.675  48.170
-123.585  48.140
-123.570  48.190
-123.560  47.985
-123.450  48.200
-123.550  47.990
-123.470  48.300
-123.590  48.130
-123.580  48.315
-123.730  48.160
-123.580  48.210
-123.500  48.250
-123.490  48.210
-123.490  48.200
-123.380  48.240
-123.460  48.195
-123.500  48.230
-123.535  48.210
-123.750  48.130
-123.680  48.110
-123.315  48.180
-123.410  48.210
-123.380  48.240
-123.370  48.190
-123.400  48.160
-123.450  48.280
-123.435  48.300
-123.590  48.075
-123.250  48.200
-123.705  48.220
-123.740  48.245
-123.670  48.390
-123.740  48.415
-123.580  48.270
-123.510  48.160
-123.530  48.230
-123.595  48.340
-123.700  48.175
-123.530  48.350
-123.580  48.305
-123.690  48.320
-123.760  48.260
-123.580  48.290
-123.160  48.200
-123.565  48.075
-123.590  48.300
-123.710  48.290
-123.710  48.260
-123.750  48.200
-123.660  48.195
-123.670  48.170
-123.660  48.175
-123.680  48.180
-123.610  48.010
-123.765  48.210
-123.650  48.170
-123.680  48.190
-123.690  48.240
-123.620  48.095
-123.660  48.195
-123.645  48.100
-123.620  48.125
-123.570  48.280
-123.620  48.285
-123.580  48.230
-123.310  48.290
-123.680  48.200
-123.600  48.200
-123.500  48.180
-123.505  48.170
-123.620  48.170
-123.605  47.930
-123.600  47.990
-123.620  48.270
-123.640  48.220
-123.530  48.365
-123.680  48.310
-123.670  48.310
-123.785  48.350
-123.710  48.310
-123.515  48.310
-123.730  48.300
-123.420  48.100
-123.605  48.200
-123.630  48.230
-123.710  48.190
-123.290  48.200
-123.065  48.240
-123.300  48.115
-123.210  48.240
-123.500  48.190
-123.630  48.185
-123.515  48.240
-123.540  48.190
-123.400  48.120
-123.610  48.190
-123.010  48.290
-123.010  48.310
-123.080  48.175
-122.825  48.330
-123.310  48.085
-123.260  48.390
-123.570  48.345
-123.010  48.275
-122.895  48.240
-123.190  48.230
-123.140  48.130
-122.930  48.270
-123.405  48.350
-122.920  48.380
-122.880  48.295
-123.570  48.425
-122.840  48.290
-122.875  48.340
-122.780  48.270
-123.095  48.270
-123.660  48.310
-123.650  48.310
-123.625  48.435
-123.330  48.365
-123.510  48.310
-123.450  48.310
-123.510  48.430
-123.600  48.410
-123.010  48.260
-122.940  48.315
-123.770  48.270
-122.975  48.160
-123.745  48.365
-123.660  48.360
-123.010  48.220
-123.135  48.080
-123.075  48.180
-122.890  48.190
-123.090  48.060
-123.210  48.105
-123.755  48.430
-123.600  48.030
-123.760  48.195
-123.765  48.230
-123.820  48.270
-123.710  48.270
-123.145  48.150
-123.750  48.320
-122.980  48.330
-123.460  48.195
-123.040  48.335
-123.220  48.130
-123.200  48.230
-123.475  48.225
-122.780  48.180
-122.790  48.210
-122.940  48.185
-122.880  48.160
-123.150  48.205
-123.590  48.230
-123.785  48.355
-123.665  48.265
-123.400  48.140
-123.200  48.280
-123.660  48.310
-122.740  48.265
-123.275  48.200
-122.980  48.310
-122.820  48.385
-123.510  48.430
-123.295  48.370
-123.720  48.420
-123.500  48.440
-123.810  48.195
-123.700  48.280
-123.000  48.280
-123.015  48.290
-122.950  48.300
-123.045  48.250
-123.070  48.240
-123.070  48.300
-122.845  48.390
-123.140  48.310
-123.000  48.270
-122.950  48.340
-123.045  48.370
-123.080  48.305
-123.190  48.095
-122.950  48.290
-123.720  48.410
-123.790  48.310
-122.880  48.150
-122.790  48.190
-123.770  48.340
-123.920  48.375
-123.540  48.410
-123.300  48.260
-123.100  48.355
-123.725  48.300
-123.685  48.410
-123.870  48.380
-123.880  48.310
-123.710  48.275
-123.530  48.350
-123.690  48.390
-123.400  48.310
-123.510  48.320
-123.350  48.285
-123.400  48.270
-123.430  48.280
-123.485  48.245
-123.460  48.210
-123.790  48.220
-123.800  48.230
-123.820  48.220
-123.860  48.300
-123.485  48.365
-123.660  48.180
-123.720  48.240
-123.120  48.325
-122.790  48.190
-122.730  48.380
-122.770  48.290
-122.720  48.320
-123.490  48.400
-122.875  48.240
-122.900  48.300
-122.770  48.295
-122.820  48.275
-122.800  48.265
-122.760  48.285
-123.220  48.320
-122.990  48.300
-123.780  48.385
-123.275  48.110
-122.915  48.270
-123.780  48.230
-123.790  48.305
-123.770  48.310
-123.765  48.400
-123.490  48.445
-123.880  48.380
-123.830  48.370
-123.685  48.370
-123.540  48.310
-123.560  48.370
-123.790  48.300
-123.730  48.270
-123.515  48.300
-123.615  48.330
-123.590  48.300
-123.830  48.230
-123.650  48.260
-123.580  48.220
-123.600  48.165
-123.660  48.210
-123.695  48.210
-123.100  48.300
-123.400  48.365
-123.500  48.400
-123.385  48.280
-123.390  48.260
-123.440  48.280
-123.540  48.180
-123.665  48.175
-123.605  48.260
-123.390  48.085
-123.450  48.270
-123.670  48.170
-122.900  48.305
-123.695  48.250
-123.750  48.170
-123.680  48.200
-123.590  48.205
-123.540  48.205
-123.630  48.275
-123.635  48.290
-123.630  48.320
-123.720  48.210
-123.590  48.210
-123.545  48.250
-123.510  48.290
-122.980  48.160
-123.405  48.105
-123.685  48.180
-123.650  48.315
-123.510  48.260
-123.585  48.300
-123.600  48.170
-123.600  48.190
-123.570  48.225
-123.545  48.180
-123.710  48.150
-123.690  48.185
-123.515  48.235
-123.745  48.180
-123.810  48.230
-123.810  48.235
-123.630  48.105
-123.810  48.355
-123.320  48.320
-123.560  48.370
-123.490  48.220
-123.380  48.210
-123.510  48.305
-123.520  48.240
-123.490  48.180
-123.180  48.180
-123.170  48.225
-123.720  48.260
-123.610  48.360
-123.570  48.225
-123.590  48.270
-123.565  48.180
-123.510  48.180
-123.385  48.090
-123.220  48.060
-123.515  48.120
-123.570  48.260
-123.170  48.190
-123.210  48.250
-123.210  48.250
-123.385  48.310
-123.230  48.200
-123.320  48.200
-123.365  48.240
-122.755  48.320
-123.070  48.290
-123.330  48.185
-123.350  48.180
-123.350  48.050
-123.410  48.080
-123.280  48.040
-123.190  48.135
-123.240  48.200
-123.250  48.180
-123.635  48.220
-123.370  48.220
-123.295  48.270
-123.400  48.250
-123.430  48.240
-123.305  48.280
-123.420  48.270
-123.130  48.230
-123.180  48.190
-123.110  48.270
-123.125  48.275
-123.300  48.300
-123.220  48.220
-123.245  48.200
-123.250  48.140
-122.860  48.205
-123.080  48.260
-123.420  48.200
-123.460  48.200
-123.370  48.270
-123.105  48.220
-123.230  48.190
-123.235  48.195
-123.025  48.240
-123.135  48.230
-123.250  48.190
-123.335  48.160
-123.590  48.140
-123.095  48.270
-123.030  48.260
-123.060  48.200
-123.335  48.190
-123.800  48.400
-123.760  48.520
-123.580  48.410
-123.420  48.430
-123.775  48.380
-123.585  48.100
-123.520  48.370
-123.625  48.470
-123.635  48.350
-123.810  48.470
-123.515  48.340
-123.470  48.360
-123.600  48.370
-123.555  48.360
-123.760  48.405
-123.470  48.380
-123.635  48.385
-123.555  48.360
-123.730  48.380
-123.700  48.410
-123.505  48.405
-123.855  48.350
-123.850  48.290
-123.635  48.300
-123.395  48.485
-123.960  48.330
-123.810  48.280
-123.690  48.400
-123.400  48.250
-123.910  48.375
-123.795  48.310
-123.705  48.215
-123.345  48.235
-123.520  48.280
-123.430  48.400
-123.610  48.390
-123.490  48.220
-123.500  48.255
-123.700  48.400
-123.730  48.420
-123.710  48.480
-123.905  48.420
-123.710  48.270
-123.675  48.320
-123.660  48.430
-123.720  48.340
-123.710  48.520
-123.660  48.370
-123.550  48.400
-123.510  48.395
-123.495  48.410
-123.520  48.370
-123.700  48.320
-123.615  48.405
-123.570  48.310
-123.510  48.395
-123.670  48.330
-123.795  48.410
-123.885  48.440
-123.940  48.430
-123.855  48.380
-123.770  48.420
-123.810  48.320
-123.760  48.390
-123.850  48.460
-123.780  48.510
-123.690  48.350
-123.700  48.290
-123.390  48.440
-123.860  48.400
-123.710  48.480
-123.710  48.260
-123.630  48.430
-123.295  48.330
-123.710  48.400
-123.290  48.330
-123.370  48.280
-123.280  48.230
-123.420  48.300
-123.520  48.245
-123.645  48.420
-123.410  48.275
-123.390  48.280
-123.795  48.280
-123.655  48.320
-123.815  48.290
-123.730  48.270
-123.630  48.320
-123.510  48.280
-123.730  48.250
-123.705  48.375
-123.580  48.395
-123.740  48.410
-123.820  48.340
-123.460  48.250
-123.460  48.190
-123.920  48.400
-123.620  48.370
-123.835  48.415
-123.625  48.310
-123.450  48.305
-123.530  48.380
-123.510  48.285
-123.405  48.495
-123.400  48.490
-123.450  48.290
-123.640  48.400
-123.510  48.560
-123.710  48.325
-123.865  48.470
-123.590  48.390
-123.750  48.310
-123.630  48.390
-123.680  48.260
-123.685  48.405
-123.490  48.220
-123.605  48.250
-123.590  48.230
-123.590  48.170
-123.715  48.120
-123.890  48.360
-123.570  48.260
-123.495  48.225
-123.490  48.230
-123.450  48.200
-123.495  48.280
-123.460  48.315
-123.500  48.420
-123.580  48.215
-123.440  48.280
-123.500  48.285
-123.645  48.290
-123.585  48.340
-123.645  48.365
-123.520  48.340
-123.600  48.510
-123.535  48.265
-123.785  48.530
-123.445  48.270
-123.500  48.315
-123.510  48.320
-123.450  48.260
-123.400  48.250
-123.375  48.260
-123.380  48.230
-123.405  48.420
-123.350  48.350
-123.690  48.270
-123.550  48.090
-123.450  48.280
-123.420  48.170
-123.440  48.560
-123.700  48.620
-123.590  48.490
-123.615  48.520
-123.540  48.450
-123.400  48.355
-123.660  48.175
-123.610  48.075
-123.610  48.280
-123.490  48.520
-123.635  48.565
-123.820  48.415
-123.820  48.510
-123.730  48.420
-123.770  48.390
-123.860  48.400
-123.645  48.420
-123.580  48.430
-123.625  48.430
-123.600  48.450
-123.650  48.460
-123.550  48.420
-123.700  48.490
-123.605  48.320
-123.600  48.440
-123.615  48.405
-123.740  48.605
-123.450  48.420
-123.480  48.400
-123.470  48.330
-123.510  48.230
-123.710  48.525
-123.745  48.500
-123.630  48.190
-123.380  48.240
-123.630  48.120
-123.740  48.480
-123.810  48.530
-123.840  48.415
-123.940  48.390
-123.810  48.370
-123.490  48.490
-123.730  48.300
-123.530  48.390
-123.800  48.530
-123.860  48.480
-123.800  48.400
-123.765  48.400
-123.715  48.330
-123.810  48.350
-123.710  48.320
-123.780  48.420
-123.800  48.490
-123.700  48.495
-123.810  48.280
-123.760  48.300
-123.790  48.290
-123.710  48.400
-123.895  48.425
-123.790  48.480
-123.590  48.190
-123.400  48.480
-123.605  48.415
-123.730  48.150
-123.490  48.350
-123.530  48.485
-123.525  48.430
-123.380  48.455
-123.540  48.500
-123.800  48.420
-123.560  48.490
-123.705  48.570
-123.705  48.560
-123.700  48.580
-123.700  48.595
-123.885  48.450
-123.940  48.465
-123.680  48.405
-123.630  48.410
-123.700  48.430
-123.580  48.440
-123.790  48.470
-123.850  48.395
-123.800  48.460
-123.700  48.120
-123.705  48.160
-123.650  48.275
-123.610  48.170
-123.680  48.150
-123.740  48.120
-123.680  48.110
-123.630  48.530
-123.535  48.130
-123.670  48.430
-123.510  48.130
-123.615  48.100
-123.720  48.360
-123.700  48.340
-123.580  48.220
-123.505  48.210
-123.515  48.180
-123.540  48.165
-123.640  48.140
-123.660  48.170
-123.650  48.100
-123.670  48.090
-123.630  48.070
-123.800  48.420
-123.665  48.110
-123.590  48.100
-123.790  48.470
-123.775  48.450
-123.740  48.420
-123.770  48.475
-123.880  48.470
-123.780  48.400
-123.430  48.515
-123.520  48.550
-123.640  48.520
-123.730  48.310
-123.800  48.420
-123.680  48.170
-123.690  48.155
-123.755  48.100
-123.720  48.065
-123.690  48.370
-123.690  48.410
-123.430  48.585
-123.600  48.120
-123.640  48.120
-123.220  48.610
-123.260  48.650
-123.645  48.535
-123.550  48.520
-123.515  48.495
-123.385  48.480
-123.470  48.500
-123.095  48.310
-123.225  48.590
-123.630  48.310
-123.620  48.490
-123.715  48.425
-123.705  48.570
-123.780  48.430
-123.940  48.485
-123.910  48.440
-123.475  48.520
-123.430  48.480
-123.495  48.510
-123.610  48.440
-123.610  48.390
-123.600  48.520
-123.680  48.530
-123.610  48.190
-123.690  48.650
-123.895  48.525
-123.600  48.220
-123.610  48.530
-123.740  48.320
-123.890  48.580
-123.400  48.385
-123.320  48.630
-123.490  48.320
-123.755  48.505
-123.880  48.580
-123.540  48.500
-123.820  48.510
-123.830  48.540
-123.820  48.530
-123.730  48.480
-123.955  48.490
-123.810  48.520
-123.745  48.590
-123.835  48.530
-123.580  48.460
-123.175  48.410
-123.200  48.400
-123.540  48.530
-123.505  48.310
-123.200  48.435
-123.460  48.520
-123.630  48.530
-123.510  48.320
-123.540  48.320
-123.635  48.200
-123.745  48.520
-123.780  48.480
-123.465  48.390
-123.805  48.630
-123.470  48.540
-123.570  48.430
-123.500  48.400
-123.915  48.500
-123.945  48.480
-123.270  48.550
-123.240  48.360
-123.830  48.575
-123.885  48.520
-123.685  48.255
-123.680  48.400
-123.750  48.280
-123.730  48.475
-123.690  48.540
-123.740  48.410
-123.780  48.400
-123.890  48.390
-123.790  48.410
-123.740  48.450
-123.775  48.630
-123.310  48.380
-123.660  48.645
-123.610  48.320
-123.510  48.410
-123.785  48.605
-123.500  48.610
-123.600  48.520
-123.510  48.460
-123.970  48.610
-123.760  48.420
-123.805  48.470
-123.800  48.510
-123.710  48.690
-123.640  48.580
-123.715  48.405
-123.750  48.440
-123.820  48.440
-123.730  48.440
-123.720  48.440
-123.920  48.500
-123.620  48.575
-123.955  48.480
-123.855  48.470
-123.925  48.480
-123.805  48.400
-123.915  48.485
-123.900  48.440
-123.590  48.655
-123.600  48.640
-123.600  48.530
-123.630  48.520
-123.805  48.490
-123.655  48.505
-123.510  48.480
-123.840  48.400
-123.630  48.540
-123.610  48.330
-123.245  48.510
-123.380  48.440
-123.460  48.400
-123.325  48.320
-123.300  48.380
-123.425  48.500
-123.540  48.465
-123.535  48.430
-123.280  48.380
-123.405  48.405
-123.310  48.470
-123.340  48.525
-123.290  48.600
-123.295  48.555
-123.410  48.570
-123.980  48.555
-123.880  48.410
-123.850  48.390
-123.915  48.390
-123.865  48.380
-123.870  48.425
-123.800  48.280
-123.850  48.390
-123.860  48.425
-123.800  48.455
-123.895  48.445
-123.480  48.520
-123.830  48.420
-123.490  48.490
-123.515  48.565
-123.520  48.480
-123.610  48.700
-123.220  48.550
-123.430  48.520
-123.535  48.530
-123.580  48.610
-123.605  48.610
-123.535  48.525
-123.570  48.585
-123.265  48.510
-123.400  48.440
-123.575  48.625
-123.500  48.500
-123.480  48.460
-123.770  48.495
-123.710  48.470
-123.720  48.440
-123.850  48.480
-124.020  48.590
-123.640  48.470
-123.650  48.465
-123.960  48.525
-123.280  48.530
-123.310  48.580
-123.300  48.620
-123.510  48.480
-123.890  48.530
-123.500  48.500
-123.955  48.480
-123.810  48.340
-123.930  48.350
-123.730  48.615
-123.725  48.480
-123.755  48.460
-123.680  48.540
-123.665  48.485
-123.710  48.445
-123.760  48.400
-123.760  48.375
-123.900  48.430
-123.800  48.480
-123.585  48.440
-123.900  48.470
-123.440  48.385
-123.610  48.460
-123.485  48.465
-123.790  48.460
-123.630  48.400
-123.645  48.390
-123.340  48.335
-123.530  48.480
-123.610  48.535
-123.930  48.605
-123.540  48.510
-123.790  48.360
-123.690  48.425
-123.690  48.610
-123.630  48.500
-123.780  48.375
-123.890  48.590
-123.790  48.380
-123.800  48.380
-123.850  48.380
-123.830  48.395
-123.840  48.385
-123.790  48.280
-123.895  48.410
-123.880  48.425
-123.750  48.400
-123.780  48.375
-123.735  48.345
-123.845  48.385
-123.860  48.460
-123.750  48.395
-123.650  48.590
-123.870  48.455
-123.510  48.620
-123.790  48.350
-123.740  48.400
-123.890  48.410
-123.805  48.530
-123.775  48.470
-123.805  48.400
-123.810  48.390
-123.800  48.485
-123.800  48.510
-123.780  48.490
-123.930  48.540
-123.920  48.530
-123.880  48.675
-123.790  48.550
-123.910  48.605
-123.870  48.530
-123.930  48.610
-123.900  48.570
-123.535  48.480
-123.850  48.550
-124.000  48.700
-123.900  48.585
-123.730  48.520
-123.860  48.630
-123.890  48.455
-123.895  48.510
-123.855  48.505
-123.870  48.500
-123.905  48.500
-123.900  48.415
-123.790  48.390
-123.820  48.420
-123.920  48.490
-123.965  48.505
-123.935  48.510
-123.810  48.630
-123.910  48.710
-123.725  48.540
-123.810  48.550
-123.795  48.540
-123.800  48.475
-123.820  48.530
-123.900  48.520
-123.915  48.510
-123.905  48.490
-123.460  48.595
-123.440  48.575
-123.375  48.695
-123.430  48.700
-124.000  48.490
-123.570  48.435
-123.540  48.690
-123.320  48.400
-123.795  48.505
-123.780  48.555
-123.720  48.440
-123.820  48.440
-123.930  48.510
-123.825  48.520
-123.500  48.560
-123.190  48.610
-123.070  48.525
-123.160  48.480
-123.540  48.450
-123.115  48.505
-123.730  48.595
-123.870  48.560
-123.900  48.535
-123.310  48.500
-123.870  48.575
-123.880  48.540
-123.890  48.660
-123.835  48.585
-123.410  48.670
-123.350  48.685
-123.310  48.605
-123.110  48.510
-123.080  48.500
-123.855  48.530
-123.860  48.470
-123.785  48.590
-123.930  48.490
-123.820  48.440
-123.700  48.340
-123.610  48.510
-123.580  48.515
-123.740  48.515
-123.815  48.420
-123.800  48.510
-123.910  48.495
-123.905  48.635
-123.895  48.665
-123.970  48.640
-123.350  48.530
-123.380  48.510
-123.590  48.570
-123.780  48.490
-123.710  48.440
-123.530  48.510
-123.960  48.530
-123.735  48.445
-124.060  48.580
-124.040  48.625
-123.935  48.690
-123.740  48.540
-123.780  48.675
-123.310  48.485
-123.270  48.430
-123.495  48.540
-123.725  48.420
-123.795  48.380
-123.740  48.510
-124.210  48.715
-124.040  48.630
-123.970  48.470
-123.455  48.605
-123.750  48.610
-123.740  48.485
-123.440  48.530
-123.760  48.620
-123.905  48.350
-123.875  48.500
-123.930  48.610
-123.840  48.530
-123.420  48.750
-123.820  48.530
-123.830  48.530
-123.780  48.480
-123.845  48.500
-123.880  48.480
-123.910  48.360
-123.800  48.500
-123.740  48.490
-123.735  48.550
-123.870  48.595
-123.520  48.620
-123.945  48.650
-123.425  48.705
-123.290  48.660
-123.500  48.685
-123.515  48.615
-123.410  48.780
-123.390  48.765
-123.760  48.615
-123.670  48.620
-123.625  48.580
-123.560  48.595
-123.920  48.565
-123.340  48.590
-123.315  48.680
-123.740  48.605
-123.870  48.450
-123.780  48.440
-123.785  48.610
-123.930  48.540
-123.790  48.440
-123.305  48.480
-123.520  48.680
-123.490  48.730
-123.480  48.710
-123.310  48.470
-123.400  48.585
-123.380  48.565
-123.510  48.640
-123.370  48.530
-123.390  48.640
-123.485  48.735
-123.240  48.645
-123.540  48.535
-123.680  48.540
-123.290  48.410
-123.950  48.745
-123.875  48.530
-123.795  48.530
-123.785  48.520
-123.380  48.590
-123.400  48.630
-123.490  48.670
-123.530  48.640
-123.685  48.535
-123.610  48.490
-123.680  48.730
-123.815  48.470
-123.810  48.430
-123.880  48.530
-123.930  48.520
-124.220  48.700
-123.840  48.340
-123.785  48.435
-123.660  48.530
-123.835  48.510
-123.660  48.540
-123.550  48.460
-123.400  48.550
-123.310  48.620
-123.485  48.660
-123.480  48.670
-123.200  48.640
-123.490  48.500
-123.240  48.580
-123.455  48.510
-123.595  48.490
-123.720  48.510
-123.590  48.530
-123.900  48.645
-123.795  48.640
-123.800  48.480
-123.780  48.445
-123.210  48.500
-123.400  48.450
-123.380  48.695
-123.575  48.530
-123.520  48.550
-123.440  48.530
-123.630  48.500
-123.490  48.630
-123.470  48.680
-123.350  48.645
-123.300  48.650
-123.435  48.790
-123.440  48.710
-123.345  48.495
-123.335  48.620
-123.360  48.620
-123.380  48.640
-123.340  48.620
-123.840  48.370
-123.860  48.570
-123.380  48.450
-123.920  48.530
-123.820  48.530
-123.515  48.500
-123.790  48.580
-123.670  48.545
-123.685  48.525
-123.795  48.570
-123.830  48.555
-123.810  48.530
-123.815  48.580
-123.560  48.510
-123.500  48.480
-123.585  48.490
-123.340  48.520
-123.420  48.540
-123.890  48.530
-123.720  48.610
-123.680  48.460
-123.780  48.490
-123.600  48.370
-123.780  48.490
-123.840  48.465
-123.810  48.410
-123.360  48.620
-123.300  48.500
-123.765  48.425
-123.905  48.380
-123.730  48.470
-123.700  48.445
-123.735  48.450
-123.740  48.440
-123.675  48.350
-123.760  48.500
-123.755  48.490
-123.420  48.615
-123.480  48.640
-123.670  48.380
-123.680  48.650
-123.495  48.610
-123.830  48.420
-123.900  48.530
-124.170  48.700
-123.920  48.480
-123.795  48.440
-123.790  48.370
-123.870  48.460
-123.965  48.490
-123.865  48.480
-124.000  48.520
-123.750  48.490
-123.755  48.495
-123.975  48.610
-123.520  48.620
-123.240  48.530
-123.520  48.600
-123.920  48.480
-123.865  48.360
-123.780  48.300
-123.490  48.640
-123.710  48.660
-123.560  48.640
-123.860  48.520
-123.855  48.530
-123.300  48.480
-123.605  48.630
-123.810  48.530
-123.730  48.470
-123.675  48.495
-123.440  48.510
-123.305  48.470
-123.310  48.570
-123.600  48.425
-123.780  48.510
-123.905  48.620
-123.990  48.610
-123.780  48.405
-123.810  48.390
-123.870  48.395
-123.840  48.430
-123.760  48.375
-123.820  48.420
-123.840  48.425
-123.900  48.420
-123.880  48.520
-123.830  48.500
-123.720  48.490
-123.685  48.570
-123.860  48.520
-123.900  48.500
-123.980  48.620
-123.785  48.480
-123.880  48.570
-123.870  48.530
-123.900  48.530
-124.060  48.615
-124.035  48.510
-124.000  48.580
-123.770  48.480
-123.640  48.600
-123.830  48.620
-123.720  48.490
-124.050  48.530
-123.800  48.500
-123.810  48.590
-123.580  48.610
-123.730  48.510
-123.690  48.500
-123.870  48.670
-123.810  48.590
-123.600  48.670
-123.555  48.595
-123.890  48.600
-123.795  48.595
-123.870  48.730
-123.860  48.635
-123.980  48.580
-123.905  48.530
-124.000  48.540
-123.950  48.530
-124.090  48.590
-123.890  48.540
-123.885  48.555
-123.935  48.570
-123.925  48.605
-123.765  48.455
-123.970  48.775
-123.735  48.555
-123.860  48.500
-124.035  48.630
-123.775  48.555
-123.900  48.545
-123.845  48.500
-123.940  48.600
-123.810  48.600
-123.820  48.490
-123.830  48.510
-123.825  48.540
-123.970  48.600
-123.890  48.510
-124.000  48.640
-123.955  48.640
-123.970  48.740
-123.610  48.420
-123.870  48.490
-123.840  48.580
-123.890  48.550
-123.885  48.640
-123.725  48.560
-123.610  48.500
-123.600  48.610
-124.075  48.625
-123.810  48.440
-123.575  48.600
-124.030  48.540
-123.720  48.530
-123.910  48.400
-123.680  48.430
-123.920  48.520
-123.910  48.550
-123.780  48.470
-123.990  48.620
-123.790  48.550
-123.810  48.590
-123.950  48.620
-123.850  48.490
-123.855  48.610
-123.770  48.600
-123.945  48.650
-123.730  48.600
-123.890  48.520
-123.970  48.595
-123.765  48.520
-123.850  48.530
-123.910  48.610
-123.840  48.490
-123.910  48.520
-124.005  48.770
-124.055  48.590
-123.925  48.615
-123.630  48.510
-123.920  48.690
-123.770  48.500
-123.605  48.590
-123.960  48.800
-123.940  48.600
-123.930  48.535
-123.585  48.505
-123.515  48.645
-123.580  48.505
-123.405  48.580
-123.470  48.600
-123.720  48.640
-123.760  48.630
-123.550  48.420
-123.610  48.515
-123.590  48.585
-123.490  48.390
-123.690  48.590
-123.705  48.580
-123.760  48.610
-123.535  48.445
-123.570  48.515
-122.810  48.175
-123.735  48.590
-123.580  48.610
-123.590  48.600
-123.570  48.490
-123.430  48.550
-123.400  48.605
-123.490  48.585
-123.780  48.580
-123.460  48.580
-123.730  48.605
-123.590  48.485
-123.725  48.605
-123.585  48.620
-123.680  48.580
-123.480  48.685
-123.400  48.595
-123.730  48.590
-123.390  48.580
-123.405  48.640
-123.370  48.620
-123.385  48.590
-123.480  48.660
-123.400  48.605
-123.520  48.665
-123.470  48.620
-123.580  48.640
-123.855  48.490
-124.105  48.605
-124.050  48.560
-123.740  48.430
-123.800  48.440
-123.840  48.470
-123.875  48.450
-123.900  48.450
-123.900  48.480
-123.870  48.500
-123.850  48.415
-123.880  48.470
-123.870  48.470
-123.875  48.445
-123.885  48.570
-124.020  48.550
-123.780  48.320
-123.950  48.510
-123.985  48.710
-123.940  48.640
-123.960  48.555
-124.000  48.595
-123.910  48.530
-123.970  48.450
-123.875  48.580
-123.930  48.740
-123.870  48.570
-123.820  48.495
-123.730  48.635
-124.090  48.610
-123.785  48.510
-123.720  48.520
-123.775  48.440
-123.865  48.520
-123.810  48.320
-123.820  48.360
-123.810  48.330
-123.835  48.455
-123.770  48.290
-123.830  48.480
-123.850  48.330
-123.880  48.365
-123.850  48.390
-123.820  48.370
-123.720  48.320
-123.965  48.575
-123.935  48.520
-123.720  48.420
-123.860  48.345
-123.790  48.460
-123.815  48.530
-123.995  48.460
-123.820  48.350
-123.810  48.510
-123.930  48.440
-123.890  48.420
-123.830  48.420
-123.800  48.520
-123.790  48.300
-123.780  48.340
-123.765  48.415
-123.765  48.410
-123.770  48.490
-123.955  48.645
-123.840  48.540
-123.725  48.450
-123.870  48.720
-123.800  48.600
-123.660  48.590
-123.760  48.600
-123.745  48.550
-123.770  48.620
-123.775  48.590
-123.810  48.515
-123.800  48.500
-124.030  48.620
-124.035  48.640
-123.980  48.600
-123.940  48.620
-123.970  48.600
-123.895  48.570
-123.845  48.580
-123.800  48.610
-123.900  48.580
-123.920  48.580
-123.920  48.595
-123.920  48.590
-124.000  48.590
-123.945  48.555
-124.030  48.635
-123.965  48.560
-124.090  48.700
-123.820  48.540
-124.015  48.520
-124.080  48.680
-123.950  48.665
-123.800  48.520
-123.950  48.610
-123.995  48.650
-123.955  48.510
-123.920  48.660
-123.870  48.555
-123.945  48.735
-123.910  48.630
-123.860  48.590
-123.875  48.650
-124.020  48.650
-123.810  48.575
-123.920  48.555
-123.930  48.585
-123.950  48.600
-123.940  48.550
-123.870  48.500
-123.955  48.545
-123.915  48.620
-124.065  48.605
-124.070  48.655
-123.930  48.605
-123.950  48.590
-123.950  48.550
-123.970  48.600
-123.780  48.500
-124.070  48.630
-123.840  48.530
-123.880  48.570
-123.930  48.525
-123.880  48.580
-123.970  48.630
-123.875  48.540
-123.680  48.680
-123.710  48.610
-124.040  48.620
-123.740  48.565
-123.480  48.685
-123.715  48.675
-123.710  48.590
-123.710  48.840
-123.730  48.185
-123.680  48.660
-123.680  48.700
-123.890  48.480
-123.810  48.500
-123.690  48.720
-123.570  48.610
-123.700  48.665
-123.725  48.715
-123.670  48.745
-123.880  48.520
-123.670  48.775
-123.670  48.885
-123.070  47.330
-123.655  48.905
-123.700  48.820
-123.675  48.860
-123.720  48.740
-123.660  48.740
-123.655  48.765
-123.685  48.860
-123.680  48.715
-123.610  48.675
-123.590  48.710
-123.700  48.865
-123.940  48.630
-123.220  47.270
-123.900  48.600
-123.880  48.445
-123.030  47.700
-123.710  48.885
-123.620  48.710
-123.510  48.720
-123.600  48.740
-123.900  48.580
-123.020  47.710
-124.010  48.690
-123.690  48.880
-123.570  48.750
-123.845  48.545
-123.810  48.495
-123.640  48.750
-123.610  48.605
-123.980  48.605
-123.810  48.530
-123.890  48.595
-123.920  48.610
-123.920  48.630
-123.975  48.610
-123.880  48.620
-123.900  48.630
-123.990  48.720
-124.010  48.535
-124.010  48.680
-124.070  48.610
-124.000  48.640
-123.980  48.625
-123.950  48.620
-124.065  48.680
-124.110  48.630
-123.890  48.510
-123.765  48.920
-123.680  48.310
-123.695  48.590
-123.675  48.220
-123.785  48.310
-123.910  48.315
-123.570  48.180
-123.600  48.190
-123.680  48.290
-123.830  48.490
-123.785  48.430
-123.770  48.380
-123.770  48.275
-123.100  47.300
-123.685  48.330
-123.670  48.290
-123.880  48.310
-123.760  48.290
-123.815  48.230
-123.820  48.350
-123.095  47.260
-123.870  48.265
-123.905  48.320
-123.820  48.320
-123.745  48.395
-123.720  48.320
-123.670  48.290
-123.760  48.260
-123.580  48.340
-123.830  48.280
-123.700  48.225
-123.700  48.245
-123.830  48.270
-123.820  48.300
-123.680  48.410
-123.730  48.300
-123.800  48.205
-123.100  47.280
-123.595  48.260
-123.715  48.280
-123.725  48.220
-123.740  48.280
-123.610  48.310
-123.630  48.230
-123.615  48.270
-123.720  48.300
-123.110  47.310
-123.080  47.310
-123.220  47.310
-123.510  48.720
-123.715  48.820
-123.650  48.230
-123.140  47.300
-123.660  48.210
-123.610  48.280
-123.705  48.230
-123.190  47.260
-123.570  48.275
-123.610  48.580
-123.700  48.880
-123.650  48.350
-123.185  47.330
-123.105  47.310
-123.585  48.300
-123.725  48.425
-124.090  48.620
-123.950  48.645
-123.620  48.400
-123.680  48.285
-123.700  48.270
-123.575  48.380
-123.770  48.570
-123.880  48.710
-123.825  48.535
-123.900  48.530
-123.930  48.500
-123.800  48.770
-123.980  48.640
-123.505  48.790
-123.605  48.630
-123.990  48.590
-123.410  48.740
-123.575  48.710
-123.560  48.640
-123.700  48.830
-123.815  48.590
-123.800  48.810
-123.960  48.665
-123.800  48.530
-123.915  48.610
-123.620  48.820
-123.920  48.685
-123.865  48.865
-123.490  48.720
-123.430  48.700
-123.440  48.620
-123.520  48.700
-123.930  48.610
-123.580  48.540
-123.740  48.810
-123.710  48.810
-123.940  48.590
-123.855  48.490
-123.795  48.500
-123.910  48.640
-123.810  48.590
-123.395  48.710
-123.610  48.715
-123.800  48.830
-123.935  48.640
-123.620  48.795
-123.690  48.900
-123.870  48.685
-123.775  48.500
-123.910  48.610
-123.880  48.635
-123.790  48.720
-123.550  48.720
-123.815  48.605
-123.600  48.530
-123.445  48.695
-123.680  48.910
-123.810  48.800
-123.520  48.695
-123.800  48.720
-123.825  48.630
-123.800  48.860
-123.480  48.750
-123.915  48.725
-123.780  48.590
-123.470  48.680
-123.880  48.580
-123.915  48.595
-123.850  48.875
-123.720  48.850
-123.900  48.730
-123.760  48.875
-123.690  48.805
-123.760  48.795
-123.540  48.750
-123.710  48.830
-123.570  48.840
-123.480  48.700
-123.590  48.720
-123.730  48.730
-123.800  48.830
-123.800  48.715
-123.880  48.800
-123.775  48.810
-123.540  48.690
-123.700  48.710
-123.810  48.900
-123.785  48.810
-123.620  48.720
-123.910  48.625
-123.685  48.810
-123.710  48.925
-123.710  48.920
-123.780  48.630
-123.820  48.825
-123.990  48.790
-123.735  48.845
-123.890  48.700
-123.680  48.760
-123.870  48.805
-123.870  48.890
-123.930  48.830
-123.890  48.920
-123.810  48.905
-123.830  48.805
-123.900  48.830
-123.880  48.830
-123.835  48.760
-123.790  48.665
-123.725  48.830
-123.825  48.840
-123.770  48.670
-123.300  48.590
-123.700  48.650
-123.780  48.935
-123.800  48.650
-123.810  48.620
-123.640  48.680
-123.690  48.740
-123.760  48.620
-123.790  48.700
-123.855  48.720
-123.905  48.790
-123.840  48.630
-123.850  48.615
-123.605  48.810
-123.800  48.800
-123.700  48.720
-123.910  48.910
-123.540  48.730
-123.830  48.810
-123.720  48.720
-123.790  48.840
-123.570  48.755
-123.530  48.800
-123.505  48.730
-123.500  48.810
-123.570  48.670
-123.840  48.900
-123.590  48.830
-124.080  48.700
-124.030  48.730
-123.695  48.780
-123.730  48.795
-123.620  48.850
-123.665  48.820
-123.935  48.910
-123.590  48.730
-123.620  48.740
-123.820  48.870
-123.865  48.930
-123.770  48.920
-123.725  48.800
-123.700  48.690
-123.820  48.800
-123.630  48.755
-123.820  48.730
-123.920  48.890
-123.730  48.830
-123.520  48.760
-123.630  48.730
-123.730  48.905
-123.640  48.720
-123.660  48.650
-123.860  48.760
-123.705  48.885
-123.740  48.680
-123.670  48.505
-123.710  48.470
-123.720  48.620
-123.720  48.520
-123.810  48.750
-123.800  48.820
-123.840  48.800
-123.715  48.900
-123.775  48.705
-123.695  48.595
-123.790  48.750
-123.705  48.800
-123.790  48.750
-123.815  48.855
-123.675  48.910
-123.740  48.595
-123.660  48.640
-123.660  48.670
-123.700  48.720
-123.740  48.860
-123.740  48.785
-123.690  48.735
-122.790  47.740
-123.830  48.505
-124.130  48.700
-122.790  47.700
-122.800  47.725
-122.830  47.720
-122.810  47.740
-123.770  48.540
-124.100  48.720
-124.085  48.690
-123.820  48.520
-124.110  48.680
-124.040  48.700
-123.770  48.635
-123.720  48.625
-122.800  47.690
-122.780  47.710
-122.780  47.690
-124.210  48.710
-124.210  48.690
-124.115  48.615
-124.250  48.730
-124.010  48.605
-124.085  48.600
-124.145  48.595
-124.130  48.605
-124.180  48.710
-123.830  48.490
-124.120  48.600
-123.905  48.570
-124.295  48.800
-123.850  48.470
-124.000  48.615
-123.960  48.600
-124.030  48.645
-124.100  48.610
-124.100  48.650
-123.940  48.600
-124.220  48.790
-124.205  48.735
-124.230  48.760
-124.140  48.650
-124.000  48.510
-123.840  48.510
-123.950  48.620
-124.110  48.575
-124.200  48.690
-124.050  48.550
-123.995  48.490
-124.110  48.585
-124.170  48.710
-123.770  48.475
-124.010  48.540
-124.000  48.505
-124.000  48.610
-124.230  48.700
-124.005  48.570
-123.830  48.470
-123.510  48.400
-124.130  48.750
-123.905  48.675
-123.960  48.740
-123.900  48.610
-124.010  48.690
-124.235  48.730
-123.970  48.745
-123.730  48.480
-123.920  48.820
-123.905  48.775
-123.845  48.645
-124.030  48.670
-123.975  48.730
-123.980  48.640
-124.080  48.560
-124.070  48.800
-123.970  48.730
-123.870  48.605
-123.810  48.610
-124.030  48.740
-123.870  48.615
-124.005  48.600
-124.165  48.845
-124.075  48.620
-124.200  48.700
-124.295  48.800
-123.990  48.705
-124.220  48.835
-124.030  48.580
-124.050  48.595
-123.985  48.610
-124.040  48.620
-124.280  48.795
-124.200  48.740
-124.010  48.590
-124.080  48.700
-124.110  48.630
-124.100  48.540
-124.090  48.835
-123.930  48.665
-124.000  48.620
-124.025  48.690
-124.090  48.725
-124.080  48.600
-124.020  48.590
-123.990  48.670
-124.120  48.715
-124.115  48.675
-124.245  48.845
-124.110  48.700
-123.955  48.610
-123.690  48.530
-124.060  48.635
-124.230  48.820
-123.910  48.550
-123.760  48.530
-123.890  48.595
-124.020  48.740
-123.990  48.610
-124.215  48.820
-123.890  48.530
-123.920  48.530
-123.940  48.820
-123.720  48.490
-123.990  48.610
-123.985  48.740
-123.900  48.760
-124.165  48.830
-123.820  48.540
-123.890  48.535
-123.990  48.710
-123.960  48.640
-124.015  48.570
-124.080  48.620
-123.730  48.400
-123.980  48.540
-123.935  48.530
-124.195  48.730
-123.965  48.725
-124.160  48.705
-124.020  48.650
-123.795  48.500
-123.875  48.630
-124.010  48.640
-123.910  48.610
-123.945  48.590
-124.160  48.680
-123.910  48.575
-124.095  48.805
-124.130  48.640
-124.055  48.630
-124.045  48.700
-123.780  48.520
-123.745  48.420
-123.940  48.620
-123.890  48.490
-123.825  48.480
-123.745  48.440
-124.010  48.720
-123.975  48.680
-123.995  48.660
-123.910  48.580
-124.060  48.640
-123.775  48.425
-123.980  48.490
-124.200  48.700
-123.950  48.520
-124.010  48.660
-123.870  48.440
-123.980  48.610
-123.650  48.390
-123.550  48.410
-124.100  48.640
-124.210  48.710
-124.225  48.720
-123.955  48.615
-123.790  48.340
-124.290  48.740
-123.900  48.430
-124.030  48.690
-124.190  48.775
-124.030  48.685
-123.870  48.410
-124.175  48.700
-124.000  48.520
-124.260  48.720
-123.940  48.590
-124.125  48.770
-124.140  48.630
-124.140  48.640
-124.085  48.520
-123.895  48.530
-124.100  48.540
-124.055  48.560
-123.980  48.570
-124.110  48.610
-123.950  48.590
-124.055  48.615
-123.990  48.425
-123.810  48.520
-124.040  48.620
-124.010  48.620
-124.100  48.670
-124.140  48.695
-123.995  48.580
-124.050  48.700
-123.810  48.390
-124.125  48.735
-123.890  48.510
-124.180  48.710
-124.040  48.710
-123.875  48.400
-123.840  48.410
-123.995  48.615
-123.980  48.600
-123.900  48.540
-123.950  48.575
-123.875  48.590
-123.910  48.570
-123.870  48.630
-123.870  48.455
-124.080  48.630
-124.055  48.595
-123.855  48.555
-123.965  48.610
-123.895  48.510
-123.980  48.595
-123.880  48.490
-123.890  48.550
-123.850  48.510
-124.135  48.690
-123.830  48.490
-123.910  48.580
-124.000  48.585
-123.920  48.535
-123.850  48.530
-123.900  48.540
-123.800  48.470
-123.995  48.590
-123.950  48.595
-123.500  48.395
-123.940  48.610
-124.030  48.620
-124.055  48.650
-123.920  48.600
-124.230  48.805
-124.300  48.820
-124.090  48.585
-124.175  48.835
-123.950  48.580
-123.960  48.640
-124.140  48.820
-124.305  48.670
-124.140  48.760
-124.010  48.625
-124.265  48.805
-124.295  48.835
-124.210  48.770
-123.990  48.690
-124.205  48.700
-124.210  48.870
-124.120  48.630
-124.230  48.810
-123.300  47.890
-124.275  48.700
-123.900  48.520
-124.100  48.600
-123.935  48.580
-124.000  48.620
-124.150  48.765
-124.285  48.740
-124.290  48.750
-124.240  48.730
-124.190  48.795
-123.875  48.630
-124.030  48.630
-124.015  48.590
-124.200  48.800
-124.280  48.705
-124.325  48.815
-124.300  48.690
-124.165  48.755
-123.910  48.495
-124.090  48.635
-124.155  48.690
-124.190  48.710
-123.860  48.520
-124.125  48.710
-123.600  48.200
-122.770  48.000
-124.030  48.590
-124.190  48.720
-122.825  47.990
-122.820  47.985
-124.315  48.775
-124.300  48.700
-124.130  48.740
-123.970  48.600
-123.900  48.500
-124.320  48.700
-124.315  48.820
-124.250  48.710
-124.240  48.740
-124.235  48.700
-124.090  48.625
-123.900  48.520
-123.930  48.515
-124.160  48.750
-124.305  48.790
-124.300  48.690
-123.880  48.540
-124.120  48.750
-124.340  48.690
-124.095  48.700
-124.190  48.735
-124.150  48.600
-123.990  48.575
-124.230  48.715
-124.200  48.755
-124.185  48.740
-124.285  48.705
-124.275  48.750