-122.710  47.670
-122.720  47.670
-122.720  47.660
-122.710  47.660
-122.640  47.620
-122.720  47.680
-122.820  47.670
-122.695  47.680
-122.850  47.670
-122.720  47.670
-122.730  47.670
-122.740  47.650
-122.665  47.700
-122.720  47.630
-122.810  47.620
-122.700  47.660
-122.760  47.620
-122.815  47.535
-122.700  47.620
-122.840  47.610
-122.810  47.660
-122.695  47.440
-122.865  47.602
-122.820  47.640
-122.810  47.690
-122.740  47.617
-122.610  47.580
-122.790  47.680
-122.880  47.570
-122.790  47.670
-122.990  47.320
-122.770  47.610
-122.895  47.610
-122.790  47.710
-122.835  47.662
-122.800  47.705
-122.885  47.640
-122.855  47.665
-122.660  47.490
-123.180  48.200
-122.730  47.710
-122.820  47.640
-122.690  47.550
-122.800  47.620
-122.830  47.670
-122.710  47.670
-122.710  47.660
-122.805  47.635
-122.740  47.625
-122.990  47.350
-122.750  47.470
-122.800  47.610
-122.780  47.485
-122.760  47.675
-122.810  47.700
-122.715  47.585
-122.705  47.570
-122.860  47.645
-122.880  47.610
-122.720  47.460
-122.877  47.605
-122.820  47.615
-122.815  47.590
-122.835  47.590
-122.860  47.590
-122.755  47.630
-122.820  47.585
-122.770  47.665
-122.690  47.670
-122.790  47.650
-122.773  47.695
-122.808  47.705
-122.670  47.650
-123.340  48.625
-123.400  48.630
-123.330  48.615
-123.410  48.515
-123.390  48.540
-123.250  48.545
-123.290  48.560
-123.345  48.595
-123.370  48.400
-123.400  48.450
-123.430  48.510
-123.375  48.445
-123.410  48.660
-123.322  48.552
-123.380  48.510
-123.390  48.580
-123.365  48.602
-123.410  48.610
-123.332  48.595
-123.380  48.660
-123.290  48.465
-123.300  48.535
-123.370  48.590
-123.335  48.540
-123.360  48.580
-123.350  48.545
-123.350  48.570
-123.270  48.680
-123.373  48.590
-123.360  48.640
-123.310  48.620
-123.380  48.490
-123.385  48.595
-123.280  48.565
-123.245  48.525
-123.370  48.655
-123.370  48.570
-123.340  48.570
-123.360  48.530
-123.200  48.580
-123.210  48.545
-123.380  48.520
-123.210  48.590
-123.368  48.562
-123.190  48.600
-123.410  48.690
-122.830  47.500
-122.810  47.520
-123.320  48.500
-123.390  48.610
-123.325  48.595
-123.315  48.580
-123.252  48.540
-123.410  48.700
-122.700  47.880
-122.700  47.820
-123.900  47.900
-123.400  47.370
-123.410  47.380
-124.300  47.750
-124.300  47.740
-124.300  47.730
-123.060  48.310
-123.040  48.270
-123.110  48.510
-123.090  48.520
-123.040  48.300
-123.110  48.500
-124.290  47.830
-123.080  48.500
-123.095  48.360
-123.105  48.295
-122.900  48.800
-123.100  48.350
-123.110  48.450
-123.090  48.460
-124.280  47.800
-124.270  47.880
-124.270  47.870
-123.120  48.330
-122.805  48.370
-122.838  48.358
-122.735  48.345
-122.772  48.373
-122.795  48.400
-122.825  48.323
-122.805  48.310
-122.865  48.390
-122.810  48.335
-122.830  48.345
-122.895  48.390
-123.080  48.510
-122.843  48.407
-122.765  48.380
-122.845  48.310
-122.910  48.280
-122.820  48.370
-122.850  48.312
-122.970  48.415
-122.900  48.480
-122.790  48.350
-123.080  48.390
-123.590  48.880
-122.830  48.290
-122.830  48.375
-122.830  48.310
-122.705  48.335
-123.120  48.530
-123.110  47.400
-123.020  48.000
-123.090  48.470
-123.190  48.500
-122.870  48.420
-123.580  48.890
-123.080  47.310
-123.110  48.370
-123.110  48.400
-122.770  48.310
-123.170  48.510
-122.710  48.335
-122.720  48.320
-122.820  48.320
-123.090  47.300
-122.620  48.400
-122.730  48.320
-122.657  48.320
-122.743  48.360
-122.730  48.335
-122.700  48.270
-122.817  48.310
-123.410  48.700
-123.690  48.865
-123.560  48.870
-123.590  48.940
-123.590  48.890
-123.510  48.910
-123.570  48.920
-123.510  48.730
-123.447  48.778
-123.445  48.810
-123.545  48.900
-123.590  48.910
-123.510  48.885
-123.570  48.860
-123.445  48.835
-123.440  48.820
-123.590  48.820
-123.620  48.830
-123.430  48.773
-123.620  48.830
-123.565  48.880
-123.500  48.810
-123.690  48.900
-123.500  48.860
-123.500  48.850
-123.510  48.880
-123.630  48.890
-124.400  48.700
-123.800  48.960
-123.770  48.980
-122.585  47.610
-122.600  47.620
-123.920  48.090
-122.720  47.600
-122.700  47.600
-122.485  48.110
-122.490  48.120
-123.000  47.600
-123.480  48.510
-122.880  47.800
-122.850  47.800
-122.940  47.300
-123.900  47.900
-123.700  47.500
-123.200  47.990
-123.190  48.010
-123.610  48.280
-124.605  48.580
-123.620  48.280
-123.290  48.500
-124.500  48.700
-124.500  48.700
-123.200  47.300
-122.610  47.510
-123.410  47.680
-123.470  47.700
-122.720  47.400
-123.410  47.690
-123.000  48.400
-123.000  47.400
-123.090  47.980
-123.075  47.990
-123.400  48.100
-123.220  47.790
-123.090  47.300
-123.090  47.310
-122.820  48.120
-122.800  48.090
-122.810  48.100
-122.830  48.090
-122.810  48.110
-123.030  47.600
-123.100  48.200
-124.100  47.690
-123.000  48.570
-123.000  48.570
-122.980  48.590
-122.720  47.890
-122.860  47.990
-122.830  48.050
-122.700  48.070
-122.820  47.980
-122.830  48.040
-122.915  48.035
-122.690  48.110
-122.915  48.010
-124.225  48.290
-124.260  48.300
-124.210  48.340
-124.170  48.280
-123.000  47.870
-122.995  47.865
-122.850  48.210
-123.070  47.950
-123.000  47.860
-122.995  47.900
-123.040  47.910
-122.800  48.330
-122.890  47.830
-122.900  47.870
-122.890  47.970
-122.915  48.110
-122.740  48.320
-122.900  48.160
-122.790  48.310
-122.790  48.320
-122.710  48.380
-122.740  48.350
-122.830  48.320
-122.970  47.970
-123.070  47.870
-122.830  48.160
-122.760  48.290
-123.055  47.960
-122.860  48.210
-122.990  47.830
-122.900  47.840
-122.370  48.400
-122.820  48.330
-122.810  48.310
-122.940  48.080
-122.880  47.670
-122.880  47.680
-122.920  47.770
-123.070  47.930
-122.750  48.345
-122.920  47.745
-122.890  47.660
-123.010  47.980
-122.940  47.900
-122.990  47.890
-122.970  47.880
-123.030  47.900
-123.100  47.890
-123.070  47.900
-122.900  47.860
-123.000  47.810
-123.015  47.790
-122.790  47.630
-123.010  47.880
-122.800  47.650
-122.695  47.710
-123.000  47.870
-123.000  48.000
-122.930  47.820
-123.000  48.000
-122.895  48.330
-122.930  48.300
-122.780  48.345
-122.810  48.370
-122.870  48.242
-122.810  48.285
-122.870  48.285
-122.918  48.290
-122.940  48.290
-123.030  47.990
-122.950  47.930
-123.035  47.855
-122.860  48.390
-122.790  48.405
-123.020  47.810
-123.040  48.300
-122.970  47.800
-122.690  47.670
-122.775  47.755
-122.900  47.790
-122.815  47.700
-122.660  47.710
-122.740  47.690
-122.890  48.290
-122.920  48.275
-122.800  48.300
-122.800  48.380
-122.895  48.290
-122.705  47.730
-122.700  47.745
-122.710  47.730
-123.010  47.760
-123.040  47.830
-122.830  48.320
-122.730  47.740
-123.580  48.205
-122.880  47.660
-123.093  47.775
-123.055  47.760
-122.930  48.270
-122.920  48.260
-122.885  48.160
-122.950  48.210
-122.950  47.700
-122.995  48.200
-123.070  48.135
-122.970  48.045
-123.600  48.165
-123.230  48.062
-122.895  48.270
-123.045  48.175
-123.047  48.203
-123.005  47.950
-123.070  47.830
-123.005  47.985
-123.100  48.350
-122.960  48.060
-122.910  48.070
-122.930  47.740
-122.910  48.135
-122.700  48.170
-123.032  48.150
-123.070  47.830
-122.900  47.870
-123.020  47.820
-122.990  47.870
-123.070  47.830
-122.940  47.830
-123.170  48.170
-122.970  47.880
-122.995  47.870
-123.130  48.200
-122.900  47.985
-122.910  47.940
-122.900  47.890
-122.900  47.940
-123.110  48.220
-122.910  47.935
-122.830  48.170
-123.130  47.890
-123.100  48.190
-123.625  48.195
-123.020  47.690
-122.900  47.955
-123.090  48.180
-122.870  48.032
-122.860  47.700
-122.968  48.040
-123.135  47.910
-122.980  47.965
-122.815  47.880
-123.060  47.720
-122.990  47.890
-123.000  47.900
-122.900  47.780
-123.030  47.820
-123.090  47.860
-122.870  47.995
-123.100  47.860
-123.020  47.810
-122.938  47.835
-122.900  47.850
-122.910  48.030
-122.970  47.810
-123.100  47.795
-123.040  47.850
-123.100  47.920
-122.980  47.690
-123.110  48.280
-123.110  47.850
-123.200  48.230
-122.890  47.980
-122.875  47.990
-122.930  48.000
-123.370  48.100
-123.100  47.930
-122.810  47.900
-123.100  48.000
-123.040  47.930
-122.920  47.940
-122.830  47.920
-122.980  47.810
-123.015  47.820
-122.950  48.180
-122.935  48.185
-122.815  48.070
-122.710  47.970
-122.830  47.925
-122.875  47.980
-123.010  48.050
-123.000  48.070
-122.890  48.090
-122.830  48.070
-122.795  47.885
-122.890  48.005
-122.780  48.060
-122.920  47.685
-123.130  48.285
-122.865  48.017
-123.100  47.790
-122.900  48.207
-123.070  48.175
-122.915  48.220
-123.107  48.175
-123.050  48.120
-123.005  47.970
-123.067  48.015
-122.998  48.095
-122.980  48.093
-123.200  48.165
-122.915  48.220
-123.000  47.825
-122.940  48.090
-123.100  48.330
-122.920  48.280
-122.907  48.200
-123.142  48.172
-123.030  48.205
-123.100  48.280
-123.000  47.895
-122.970  47.810
-122.940  47.830
-122.990  47.830
-123.020  47.785
-123.005  47.980
-123.010  48.110
-122.900  47.910
-122.975  48.265
-123.060  48.230
-123.050  48.270
-123.070  48.290
-122.940  48.280
-123.070  48.180
-122.710  47.970
-123.020  47.775
-122.900  48.060
-122.995  47.970
-122.930  48.290
-122.980  48.090
-122.975  47.790
-123.022  48.255
-123.050  48.275
-122.875  48.275
-122.990  48.270
-123.123  48.227
-122.920  48.190
-122.690  48.220
-122.950  48.140
-122.993  48.248
-123.020  47.800
-122.965  48.265
-123.100  47.780
-123.110  47.985
-122.860  47.825
-122.920  48.190
-122.950  47.850
-122.950  47.840
-122.910  47.755
-123.170  48.200
-122.950  47.760
-122.995  47.765
-123.000  48.300
-123.065  48.315
-123.058  48.290
-122.928  48.220
-123.110  48.160
-122.907  48.280
-122.955  48.170
-122.995  48.175
-122.985  48.227
-122.900  47.920
-123.170  47.980
-122.980  48.180
-123.095  47.825
-122.850  48.210
-123.050  47.960
-122.970  47.890
-123.035  47.890
-122.970  48.030
-123.090  48.290
-123.075  48.295
-123.017  48.190
-122.895  48.125
-123.040  47.945
-123.035  47.930
-122.960  47.980
-122.970  47.940
-122.933  48.028
-122.945  48.045
-123.120  47.800
-123.125  48.270
-123.020  47.910
-122.980  47.965
-122.880  47.880
-122.950  48.160
-122.975  47.820
-123.080  48.090
-122.970  47.790
-122.990  47.810
-122.947  48.150
-123.010  48.090
-122.915  48.032
-123.000  48.090
-122.960  48.070
-122.930  48.070
-123.080  48.190
-122.930  48.030
-122.905  48.020
-123.040  47.990
-122.970  48.080
-123.040  48.090
-122.965  47.960
-122.970  47.950
-122.995  48.080
-122.910  48.000
-123.100  48.010
-122.990  47.910
-122.985  47.995
-124.590  47.620
-123.050  48.030
-122.938  48.000
-122.910  47.920
-123.010  48.020
-123.010  48.030
-123.020  47.960
-123.190  47.910
-123.050  48.000
-123.090  47.940
-123.100  47.940
-123.010  47.830
-123.010  47.820
-122.990  47.830
-124.600  47.620
-123.090  47.830
-122.920  47.990
-123.060  48.010
-123.090  48.045
-123.090  47.900
-123.120  47.980
-122.870  47.990
-123.045  48.030
-122.970  48.000
-123.040  48.005
-122.900  47.920
-123.030  47.965
-123.210  47.910
-122.950  47.915
-122.985  48.060
-123.080  47.870
-123.130  47.730
-123.070  47.820
-123.070  47.970
-123.050  47.900
-122.980  48.050
-123.195  47.860
-122.840  48.025
-122.910  48.075
-123.170  47.910
-122.970  47.980
-122.960  47.920
-123.070  47.990
-122.970  47.970
-122.880  47.910
-122.965  47.980
-122.990  48.025
-122.960  48.020
-123.030  47.800
-123.140  47.790
-123.210  47.820
-123.090  47.820
-123.250  47.780
-123.120  47.870
-123.210  47.830
-123.070  47.790
-123.080  47.800
-123.225  47.810
-123.000  47.800
-122.990  48.120
-122.980  47.810
-122.930  47.820
-123.010  47.760
-123.020  47.820
-123.180  47.760
-123.070  47.880
-123.080  47.730
-122.990  47.795
-123.030  47.710
-123.090  47.820
-123.070  47.830
-123.020  47.870
-123.135  47.880
-123.130  47.880
-122.410  48.000
-123.300  48.510
-123.320  48.510
-122.390  47.980
-123.240  48.080
-123.285  48.005
-123.250  47.980
-123.410  48.065
-123.220  48.070
-123.230  48.000
-123.310  47.990
-123.090  48.050
-123.085  48.040
-123.310  48.055
-123.090  48.010
-123.060  48.100
-123.230  48.065
-123.085  48.025
-123.365  48.070
-122.790  47.900
-123.410  48.110
-123.220  47.930
-123.180  47.980
-122.810  47.860
-123.190  48.025
-123.140  48.065
-123.255  48.030
-123.070  48.040
-123.180  48.020
-123.080  47.300
-123.800  48.960
-123.780  48.950
-123.865  48.955
-123.860  48.970
-123.795  48.980
-123.890  48.970
-123.970  48.950
-123.880  48.920
-123.740  48.990
-123.740  48.990
-123.140  47.300
-122.320  48.400
-122.320  48.400
-123.880  48.930
-123.845  48.830
-123.700  48.920
-123.790  48.950
-123.820  48.935
-123.860  48.925
-123.885  48.960
-123.840  48.940
-123.870  48.890
-123.830  48.920
-123.800  48.940
-123.905  48.965
-123.730  48.895
-123.750  48.970
-123.810  48.925
-123.810  48.920
-123.890  48.960
-123.715  48.980
-123.860  48.980
-123.825  48.960
-123.780  48.950
-123.880  48.960
-123.775  48.895
-123.800  48.940
-123.805  48.920
-123.900  48.895
-123.790  48.910
-123.850  48.930
-123.700  48.960
-123.990  48.900
-123.900  48.960
-123.795  48.980
-123.825  48.970
-123.920  48.920
-123.700  48.890
-123.850  48.980
-123.730  48.850
-123.890  48.910
-123.960  48.930
-123.775  48.910
-123.700  48.550
-123.580  48.700
-123.570  48.725
-123.745  48.880
-123.905  48.945
-123.900  48.930
-123.760  48.860
-123.820  48.900
-123.940  48.920
-124.070  48.910
-123.860  48.950
-123.860  48.895
-123.550  48.710
-123.800  48.970
-123.600  48.690
-123.930  48.900
-123.900  48.960
-123.965  48.910
-123.950  48.890
-123.650  48.885
-123.820  48.940
-123.920  48.940
-123.905  48.945
-123.870  48.950
-123.950  48.930
-123.810  48.915
-123.780  48.890
-123.780  48.900
-123.780  48.820
-123.860  48.870
-123.860  48.770
-123.940  48.740
-123.800  48.740
-123.680  48.940
-123.910  48.780
-123.920  48.740
-123.920  48.915
-124.030  48.890
-123.820  48.870
-123.780  48.890
-123.740  48.870
-123.810  48.870
-124.010  48.890
-123.820  48.925
-123.790  48.875
-123.800  48.870
-123.810  48.880
-124.050  48.930
-123.720  48.930
-123.630  48.980
-123.720  49.000
-123.765  48.950
-123.810  48.890
-123.750  48.995
-123.740  48.990
-123.750  48.890
-123.710  48.960
-123.730  48.960
-123.740  48.955
-123.740  48.890
-123.970  48.905
-123.920  48.920
-123.910  48.890
-123.730  48.920
-123.710  48.900
-123.760  48.880
-123.750  48.880
-123.800  48.890
-123.810  48.840
-123.790  48.910
-123.805  48.900
-123.735  48.810
-123.835  48.980
-123.905  48.870
-123.870  48.810
-123.830  48.850
-123.800  48.920
-123.820  48.860
-123.890  48.900
-123.810  48.890
-123.820  48.915
-123.780  48.825
-123.880  48.870
-123.860  48.880
-123.895  48.890
-123.910  48.900
-123.910  48.910
-123.960  48.900
-123.850  48.830
-123.950  48.890
-123.900  48.900
-123.880  48.920
-123.890  48.930
-123.840  48.930
-123.710  48.720
-123.850  48.910
-123.860  48.920
-123.855  48.970
-123.870  48.870
-123.930  48.880
-123.810  48.775
-123.950  48.800
-123.850  48.860
-123.880  48.920
-123.885  48.880
-123.790  48.930
-123.880  48.815
-123.815  48.885
-123.780  48.890
-123.722  48.845
-123.720  48.890
-123.750  48.900
-123.780  48.890
-123.820  48.870
-123.700  48.990
-124.040  48.900
-123.715  48.900
-123.730  48.920
-123.740  49.000
-123.805  48.900
-123.870  48.865
-123.820  48.880
-123.920  48.695
-124.020  48.880
-124.010  48.860
-123.730  48.990
-123.840  48.910
-123.790  48.920
-123.750  48.950
-123.820  48.915
-123.890  48.890
-124.010  48.910
-123.660  48.830
-123.700  48.830
-123.720  48.880
-123.645  48.810
-123.670  48.790
-123.635  48.785
-123.695  48.840
-123.690  48.830
-123.770  48.800
-123.520  48.773
-123.635  48.845
-123.665  48.770
-123.550  48.820
-123.590  48.860
-123.665  48.845
-123.610  48.800
-123.570  48.910
-123.930  48.895
-123.580  48.880
-123.730  48.860
-123.650  48.790
-123.990  48.830
-123.650  48.960
-123.590  48.905
-123.950  48.810
-123.685  48.880
-123.850  48.890
-123.820  48.830
-123.980  48.860
-123.610  48.720
-123.970  48.860
-123.875  48.920
-123.920  48.910
-123.845  48.910
-123.970  48.860
-123.990  48.890
-123.980  48.890
-123.960  48.840
-123.830  48.670
-123.730  48.780
-123.740  48.800
-123.870  48.670
-123.875  48.945
-123.770  48.825
-123.620  48.865
-124.080  48.890
-124.025  48.720
-123.810  48.790
-123.805  48.870
-124.090  48.780
-124.080  48.830
-124.065  48.850
-124.080  48.840
-124.120  48.820
-124.020  48.900
-124.000  48.890
-123.980  48.910
-123.990  48.880
-124.080  48.870
-124.030  48.880
-124.050  48.880
-124.030  48.870
-124.090  48.895
-124.090  48.890
-124.000  48.855
-124.170  48.845
-124.100  48.840
-124.130  48.730
-122.700  48.130
-124.180  48.860
-124.000  48.750
-123.710  48.760
-124.030  48.920
-124.080  48.750
-123.700  48.750
-123.640  48.800
-123.605  48.865
-123.610  48.860
-123.600  48.800
-123.930  48.880
-124.200  48.860
-124.010  48.860
-124.030  48.880
-124.165  48.865
-123.620  48.800
-123.700  48.850
-123.590  48.720
-124.140  48.760
-124.040  48.920
-124.090  48.750
-124.020  48.780
-124.055  48.890
-123.680  48.770
-123.940  48.790
-123.710  48.910
-124.000  48.870
-123.670  48.920
-124.070  48.810
-123.700  48.720
-123.730  48.730
-123.790  48.710
-123.615  48.810
-123.657  48.820
-123.642  48.790
-123.680  48.790
-123.680  48.970
-123.560  48.820
-123.750  48.815
-123.710  48.770
-123.710  48.820
-123.700  48.860
-123.780  48.820
-123.700  48.880
-123.680  48.890
-123.695  48.920
-123.700  48.910
-123.730  48.860
-123.660  48.920
-123.890  48.650
-123.690  48.885
-123.920  48.780
-123.935  48.715
-123.850  48.805
-123.760  48.835
-122.710  48.110
-123.680  48.820
-123.950  48.910
-123.700  48.785
-123.720  48.820
-124.095  48.755
-123.885  48.810
-123.920  48.770
-123.780  48.850
-123.810  48.870
-123.760  48.910
-123.700  48.965
-123.765  48.925
-123.830  48.890
-123.930  48.700
-123.890  48.760
-123.730  48.860
-123.690  48.920
-123.850  48.880
-123.672  48.852
-123.945  48.925
-124.000  48.800
-123.920  48.930
-124.035  48.910
-124.020  48.920
-123.825  48.800
-123.830  48.770
-123.740  48.870
-123.810  48.810
-124.040  48.870
-123.770  48.820
-123.790  48.875
-123.645  48.785
-123.770  48.870
-123.800  48.870
-123.795  48.820
-123.840  48.800
-123.940  48.870
-123.690  48.900
-124.040  48.920
-123.780  48.800
-123.700  48.865
-123.540  48.700
-124.030  48.890
-123.800  48.660
-123.690  48.810
-123.630  48.870
-123.600  48.720
-123.995  48.810
-123.660  48.790
-123.910  48.900
-124.050  48.910
-124.200  48.830
-123.960  48.885
-123.715  48.817
-124.120  48.910
-123.890  48.965
-124.030  48.835
-123.810  48.810
-123.640  48.825
-123.700  48.880
-123.780  48.845
-124.070  48.800
-124.030  48.820
-124.020  48.915
-123.820  48.755
-123.980  48.890
-124.010  48.820
-123.970  48.890
-123.920  48.880
-123.800  48.860
-124.110  48.790
-123.810  48.755
-123.990  48.875
-123.995  48.820
-123.745  48.760
-123.760  48.805
-123.935  48.860
-123.810  48.770
-124.110  48.790
-124.010  48.775
-124.010  48.880
-123.820  48.790
-123.675  48.745
-123.855  48.710
-123.400  48.860
-123.610  48.710
-123.980  48.600
-123.660  48.820
-123.740  48.700
-123.570  48.790
-123.500  48.820
-123.750  48.800
-123.620  48.790
-123.585  48.810
-123.670  48.720
-123.670  48.760
-123.350  48.910
-123.690  48.820
-123.620  48.760
-123.790  48.780
-123.880  48.630
-123.670  48.810
-123.670  48.790
-123.690  48.770
-123.690  48.770
-123.515  48.735
-123.630  48.770
-123.670  48.770
-123.620  48.795
-123.515  48.775
-123.690  48.810
-123.590  48.800
-123.460  48.870
-123.510  48.880
-123.520  48.870
-123.490  48.870
-123.550  48.800
-123.570  48.880
-123.520  48.880
-123.470  48.860
-123.510  48.880
-123.540  48.880
-123.350  48.810
-123.510  48.870
-123.430  48.850
-123.490  48.890
-123.490  48.880
-123.495  48.860
-123.520  48.890
-123.540  48.900
-123.420  48.890
-123.720  48.680
-123.430  48.890
-123.610  48.790
-123.900  48.700
-123.910  48.670
-123.840  48.710
-123.925  48.625
-123.690  48.715
-123.730  48.800
-123.627  48.730
-123.900  48.700
-123.698  48.745
-123.770  48.765
-123.960  48.830
-123.710  48.800
-124.160  48.870
-124.160  48.880
-123.960  48.820
-123.770  48.820
-123.675  48.920
-123.700  48.840
-123.710  48.910
-123.760  48.790
-123.675  48.895
-123.690  48.780
-123.640  48.810
-123.690  48.820
-124.010  48.760
-124.060  48.880
-124.070  48.890
-123.670  48.920
-124.130  48.790
-123.990  48.880
-123.810  48.880
-124.020  48.890
-122.700  48.300
-123.800  48.880
-124.140  48.850
-124.125  48.775
-124.100  48.870
-124.000  48.860
-124.190  48.840
-124.100  48.820
-124.140  48.780
-123.705  48.810
-123.960  48.870
-124.010  48.835
-123.995  48.850
-123.830  48.760
-123.810  48.790
-124.110  48.860
-124.140  48.890