-123.760  48.880
-123.785  48.980
-123.720  48.890
-123.725  48.880
-123.720  48.910
-123.720  48.910
-123.870  48.950
-123.800  48.910
-123.790  48.890
-123.800  48.885
-123.790  48.870
-123.840  48.900
-123.825  48.890
-123.790  48.885
-123.840  48.890
-123.790  48.775
-123.780  48.810
-123.750  48.900
-123.765  48.910
-123.810  48.910
-123.800  48.890
-123.720  48.845
-123.740  48.825
-123.755  48.900
-123.800  48.910
-123.765  48.820
-123.790  48.880
-123.780  48.860
-123.850  48.960
-123.780  48.915
-123.770  48.920
-123.690  48.880
-123.715  48.890
-123.630  48.900
-123.560  48.885
-123.590  48.980
-123.805  48.910
-123.770  48.960
-123.770  48.900
-123.790  48.940
-123.900  48.970
-123.720  48.930
-123.810  48.930
-123.815  48.920
-123.660  48.910
-123.720  48.970
-123.635  48.890
-123.800  48.920
-123.620  48.885
-123.800  48.930
-123.760  48.890
-123.770  48.910
-123.760  48.905
-123.850  48.970
-123.690  48.910
-123.755  48.900
-123.760  48.900
-123.700  48.890
-123.720  48.930
-123.840  48.860
-123.560  48.915
-123.890  48.930
-123.765  48.870
-123.675  48.640
-123.980  48.910
-123.990  48.910
-123.840  48.910
-123.805  48.920
-123.510  48.750
-123.860  48.960
-123.810  48.965
-123.660  48.890
-123.750  48.900
-123.730  48.870
-123.870  48.935
-123.860  48.920
-123.760  48.890
-123.560  48.780
-123.815  48.920
-123.880  48.930
-123.690  48.630
-123.743  48.867
-123.730  48.823
-123.722  48.862
-123.775  48.940
-123.620  48.730
-123.850  48.890
-123.640  48.865
-123.850  48.880
-123.880  48.950
-123.885  48.930
-123.510  48.790
-123.680  48.910
-123.605  48.845
-123.680  48.880
-123.900  48.970
-123.900  48.970
-123.588  48.750
-123.800  48.950
-123.735  48.900
-123.825  48.945
-123.890  48.890
-123.890  48.920
-123.760  48.970
-123.670  48.850
-123.635  48.900
-123.680  48.900
-123.555  48.665
-123.640  48.895
-123.430  48.710
-123.680  48.855
-123.655  48.845
-123.690  48.800
-123.690  48.870
-123.830  48.900
-123.700  48.880
-123.710  48.855
-123.697  48.860
-123.770  48.900
-123.820  48.890
-123.770  48.970
-123.780  48.830
-123.765  48.870
-123.880  48.860
-123.790  48.875
-123.780  48.740
-123.660  48.918
-123.590  48.690
-123.630  48.810
-123.785  48.910
-123.720  48.750
-123.710  48.912
-123.840  48.960
-123.830  48.940
-123.810  48.910
-123.650  48.710
-123.490  48.750
-123.740  48.915
-123.790  48.845
-123.860  48.970
-123.725  48.845
-123.740  48.850
-123.830  48.965
-123.750  48.910
-123.520  48.730
-123.730  48.970
-123.775  48.980
-123.990  48.915
-123.880  48.910
-123.885  48.910
-123.810  48.990
-123.880  48.970
-123.892  48.895
-123.900  48.892
-123.870  48.910
-123.845  48.915
-123.795  48.862
-123.815  48.870
-123.820  48.740
-123.830  48.810
-123.600  48.920
-123.797  48.823
-123.755  48.770
-123.705  48.805
-123.710  48.873
-123.740  48.900
-123.790  48.790
-123.860  48.810
-123.840  48.800
-123.760  48.910
-123.790  48.920
-123.870  48.945
-123.865  48.890
-123.735  48.860
-123.750  48.850
-123.870  48.870
-123.880  48.810
-123.780  48.820
-123.885  48.953
-123.757  48.873
-123.845  48.895
-123.820  48.925
-124.000  48.900
-123.970  48.870
-123.880  48.950
-123.857  48.950
-123.893  48.940
-123.800  48.870
-123.775  48.890
-123.920  48.920
-123.910  48.910
-123.810  48.970
-123.748  48.880
-123.870  48.920
-123.830  48.980
-123.870  48.970
-123.750  48.900
-123.870  48.970
-123.890  48.780
-123.840  48.980
-123.803  48.910
-123.895  48.907
-123.910  48.910
-123.880  48.930
-123.880  48.960
-123.910  48.950
-123.830  48.955
-123.910  48.970
-123.790  48.930
-123.910  48.915
-123.900  48.910
-123.750  48.690
-123.840  48.790
-123.850  48.947
-123.838  48.955
-123.817  48.950
-123.960  48.920
-123.730  48.940
-123.510  48.640
-123.900  48.810
-123.700  48.810
-123.710  48.805
-123.560  48.745
-123.710  48.860
-123.730  48.880
-123.765  48.790
-123.705  48.775
-123.642  48.785
-123.733  48.920
-123.700  48.910
-123.610  48.905
-123.530  48.820
-123.680  48.790
-123.730  48.800
-123.735  48.800
-123.655  48.830
-123.700  48.780
-123.620  48.775
-123.690  48.880
-123.760  48.785
-123.720  48.770
-123.660  48.810
-123.680  48.820
-123.800  48.950
-123.600  48.800
-123.632  48.800
-123.770  48.820
-123.590  48.820
-123.550  48.900
-123.640  48.830
-123.630  48.810
-123.600  48.825
-123.710  48.870
-123.580  48.870
-123.680  48.900
-123.580  48.900
-123.620  48.990
-123.780  48.935
-123.670  48.900
-123.930  48.780
-123.910  48.420
-123.700  48.830
-123.820  48.740
-123.895  48.810
-123.790  48.880
-123.765  48.890
-123.840  48.820
-123.780  48.880
-123.745  48.785
-123.775  48.790
-123.800  48.780
-123.800  48.890
-123.690  48.750
-123.000  47.600
-123.800  48.960
-123.835  48.895
-123.785  48.830
-123.785  48.820
-123.540  48.950
-123.740  48.760
-123.860  48.760
-123.560  48.900
-123.670  48.780
-123.670  48.900
-123.680  48.800
-123.660  48.835
-123.580  48.890
-123.640  48.830
-123.740  48.800
-123.590  48.795
-123.630  48.830
-123.640  48.910
-123.660  48.800
-123.590  48.820
-123.550  48.770
-123.670  48.810
-123.880  48.960
-123.583  48.860
-123.720  48.820
-123.775  48.780
-123.690  48.870
-123.720  48.880
-123.650  48.763
-123.750  48.825
-123.590  48.970
-123.590  48.970
-123.490  48.660
-123.915  48.790
-123.850  48.930
-123.780  48.880
-123.740  48.870
-123.820  48.900
-123.840  48.880
-123.830  48.870
-123.900  48.870
-123.840  48.920
-123.850  48.870
-123.845  48.880
-123.790  48.840
-123.750  48.935
-123.700  48.910
-123.630  48.860
-123.860  48.890
-123.710  48.843
-123.810  48.900
-123.560  48.735
-123.755  48.880
-123.830  48.910
-123.980  48.910
-123.920  48.815
-123.910  48.870
-123.980  48.840
-123.670  48.890
-123.900  48.880
-123.800  48.860
-123.530  48.710
-123.880  48.870
-123.810  48.920
-123.860  48.890
-123.640  48.810
-123.880  48.820
-123.730  48.810
-123.600  48.840
-123.700  48.785
-123.790  48.870
-123.800  48.865
-123.805  48.860
-123.815  48.870
-123.765  48.835
-123.750  48.860
-123.688  48.812
-123.820  48.885
-123.695  48.840
-123.605  48.780
-123.745  48.840
-123.850  48.880
-123.830  48.870
-123.780  48.880
-123.650  48.800
-123.580  48.840
-123.640  48.810
-123.653  48.838
-123.700  48.820
-123.700  48.870
-123.550  48.890
-123.605  48.865
-123.632  48.905
-123.700  48.750
-123.580  48.880
-123.605  48.880
-123.600  48.860
-123.610  48.870
-123.680  48.875
-123.635  48.860
-123.680  48.790
-123.680  48.870
-123.840  48.890
-123.900  48.960
-123.640  48.870
-123.810  48.970
-123.990  48.870
-123.650  48.860
-124.000  48.890
-123.500  48.750
-123.635  48.870
-123.590  48.840
-123.795  48.970
-123.770  48.770
-123.900  48.920
-123.900  48.930
-123.475  48.700
-123.550  48.720
-124.020  48.910
-123.900  48.960
-123.650  48.870
-123.500  48.750
-123.710  48.800
-123.950  48.900
-123.740  48.780
-123.550  48.720
-123.855  48.805
-123.800  48.760
-123.830  48.790
-123.890  48.820
-123.790  48.905
-123.825  48.880
-123.785  48.880
-123.630  48.890
-123.730  48.810
-123.745  48.880
-123.700  48.770
-123.725  48.810
-123.800  48.890
-123.695  48.805
-123.710  48.795
-123.710  48.820
-123.710  48.870
-123.830  48.810
-123.720  48.830
-123.750  48.815
-123.810  48.790
-123.775  48.840
-123.800  48.840
-123.690  48.790
-122.650  47.810
-122.560  48.300
-122.725  47.910
-122.595  47.800
-122.710  47.890
-122.725  47.900
-122.630  48.290
-122.630  48.290
-122.700  47.790
-122.650  47.785
-122.700  47.910
-122.800  47.935
-122.605  47.790
-122.690  47.840
-122.630  47.790
-122.610  47.790
-122.690  47.700
-122.740  47.910
-122.670  47.800
-122.690  47.800
-122.690  47.800
-122.615  47.770
-123.710  47.510
-123.700  47.440
-123.100  47.600
-123.500  47.280
-122.900  47.800
-123.490  48.200
-124.020  48.400
-124.010  48.390
-123.290  48.140
-123.300  48.070
-122.990  48.285
-123.310  48.180
-123.320  48.210
-123.300  48.470
-123.180  48.510
-123.100  48.510
-123.270  48.580
-123.320  48.590
-123.195  48.610
-123.220  48.680
-123.270  48.665
-123.132  48.590
-123.130  48.585
-123.200  48.500
-123.167  48.608
-123.170  48.610
-123.185  48.640
-123.230  48.670
-123.203  48.580
-123.225  48.595
-123.235  48.600
-123.310  48.690
-123.100  48.520
-123.200  48.630
-123.110  48.578
-123.080  48.630
-123.150  48.610
-123.950  48.810
-123.930  48.920
-123.975  48.925
-123.920  48.960
-123.970  48.890
-123.870  48.960
-123.135  48.330
-123.053  48.285
-123.070  48.220
-123.030  48.320
-123.100  48.300
-123.110  48.320
-123.020  48.390
-123.030  48.310
-123.115  48.300
-123.160  48.325
-123.090  48.400
-123.135  48.310
-123.145  48.300
-123.150  48.250
-123.050  48.390
-123.020  48.350
-123.040  48.335
-122.975  48.305
-123.020  48.370
-123.020  48.240
-123.120  48.330
-123.010  48.320
-123.042  48.305
-123.037  48.285
-123.040  48.335
-122.905  48.395
-122.960  48.310
-123.110  48.252
-123.067  48.307
-123.093  48.343
-123.095  48.260
-123.112  48.295
-123.115  48.270
-123.100  48.370
-123.240  48.280
-122.960  48.300
-123.015  48.320
-123.080  48.297
-123.105  48.403
-123.080  48.343
-123.093  48.340
-123.040  48.310
-123.058  48.285
-123.100  48.320
-122.810  48.420
-122.690  48.380
-122.820  48.390
-122.852  48.430
-122.845  48.435
-122.995  48.325
-122.705  48.400
-123.120  48.250
-123.250  48.280
-123.085  48.240
-123.067  48.255
-123.120  48.290
-123.200  48.280
-123.140  48.210
-123.070  48.160
-122.840  48.400
-123.250  48.210
-123.020  48.300
-122.795  48.310
-122.835  48.335
-122.710  48.200
-122.870  48.410
-122.917  48.410
-122.840  48.400
-122.830  48.335
-122.810  48.340
-122.780  48.230
-122.955  48.340
-122.888  48.370
-122.870  48.305
-122.720  48.220
-122.865  48.300
-122.865  48.295
-122.795  48.315
-122.920  48.280
-122.920  48.315
-122.780  48.290
-122.720  48.370
-122.865  48.295
-123.100  48.320
-122.905  48.200
-123.160  48.320
-123.140  48.280
-123.020  48.295
-123.043  48.270
-123.055  48.250
-122.920  48.275
-122.890  48.270
-122.985  48.200
-123.090  48.170
-123.205  47.920
-123.185  48.200
-123.010  48.190
-122.930  48.140
-122.995  48.248
-122.880  48.180
-123.045  48.185
-122.990  48.170
-122.910  48.310
-123.210  48.360
-122.910  48.110
-123.065  48.250
-123.130  48.260
-123.105  48.260
-123.125  48.270
-122.800  48.280
-123.130  48.220
-123.000  48.290
-123.040  48.280
-123.110  48.245
-123.170  48.260
-123.070  48.265
-122.920  48.290
-123.105  48.280
-122.905  48.055
-123.070  48.315
-122.998  48.200
-123.010  48.270
-123.013  48.290
-123.005  48.280
-123.030  48.285
-123.080  48.300
-122.877  48.398
-122.870  48.170
-122.770  48.380
-122.960  48.400
-122.895  48.417
-122.822  48.293
-122.835  48.280
-122.825  48.390
-122.835  48.355
-122.940  48.320
-122.920  48.300
-122.940  48.295
-122.762  48.275
-122.905  48.310
-122.910  48.290
-122.890  48.300
-122.830  48.305
-122.870  48.370
-122.960  48.420
-122.955  48.390
-123.190  48.200
-122.920  48.410
-122.970  48.230
-122.940  48.360
-122.780  48.370
-123.080  48.270
-123.183  48.280
-123.010  48.290
-122.925  48.180
-122.900  48.300
-122.880  48.300
-122.850  48.360
-122.950  48.310
-123.005  48.300
-122.968  48.350
-122.770  48.320
-123.040  48.240
-123.120  48.220
-122.790  48.390
-123.160  48.255
-122.950  48.350
-122.955  48.360
-122.890  48.390
-122.860  48.340
-122.820  48.390
-122.895  48.235
-122.800  48.410
-122.850  48.405
-122.860  48.385
-122.830  48.405
-122.855  48.392
-122.835  48.380
-122.810  48.440
-122.805  48.337
-122.850  48.395
-122.810  48.320
-122.820  48.390
-122.933  48.290
-122.870  48.280
-122.785  48.260
-122.843  48.365
-122.930  48.375
-122.900  48.380
-122.843  48.370
-122.810  48.390
-122.800  48.400
-122.780  48.335
-122.862  48.395
-122.860  48.302
-122.887  48.315
-122.880  48.360
-122.900  48.395
-122.920  48.310
-122.838  48.355
-122.860  48.373
-122.880  48.383
-122.815  48.315
-122.870  48.390
-122.810  48.350
-122.950  48.380
-122.845  48.375
-122.903  48.392
-122.900  48.070
-122.800  48.400
-122.838  48.305
-122.500  47.700
-123.700  47.780
-123.210  48.020
-123.690  47.780
-123.680  47.810
-124.485  47.895
-123.800  47.700
-122.740  47.700
-123.120  48.190
-123.200  47.400
-123.510  47.970
-123.510  48.010
-124.100  48.685
-124.165  48.700
-123.200  48.300
-123.290  48.210
-124.080  48.710
-122.380  48.100
-124.180  48.230
-124.250  48.190
-124.355  47.510
-124.230  48.310
-124.230  48.310
-123.150  48.610
-124.140  48.180
-124.110  48.190
-124.170  48.210
-124.190  48.200
-124.120  48.300
-124.165  48.280
-124.145  48.360
-124.205  48.270
-123.050  48.600
-124.390  47.495
-124.160  48.340
-124.060  48.400
-124.065  48.400
-124.180  48.300
-124.160  48.280
-124.155  48.280
-123.140  48.590
-123.135  48.580
-124.160  48.370
-123.010  47.920
-122.970  47.900
-123.100  47.300
-123.090  47.300
-123.990  48.810
-123.100  47.300
-123.100  47.300
-123.110  47.300
-124.000  48.810
-122.730  48.220
-122.675  48.210
-122.690  48.210
-122.700  48.170
-122.705  48.180
-123.660  47.800
-124.020  48.490
-124.000  48.460
-123.665  47.795
-123.990  48.500
-123.650  47.820
-123.390  48.920
-123.550  48.770
-123.500  48.730
-123.530  48.880
-123.510  48.670
-123.390  48.800
-123.460  48.875
-123.570  48.770
-123.525  48.800
-123.500  48.860
-123.510  48.790
-123.550  48.780
-123.460  48.900
-123.390  48.810
-123.620  48.800
-123.450  48.810
-123.510  48.780
-123.500  48.810