-25 -25 -32.2602488506369
-20 -25 -33.3388817264762
-15 -25 -34.4232117887967
-10 -25 -35.6015035912771
-5 -25 -36.8160198790479
0 -25 -38.0586790270859
5 -25 -39.3066627662176
10 -25 -40.5055421133259
15 -25 -41.6690379406257
20 -25 -42.8241932147701
25 -25 -43.9855326468129
-25 -20 -32.4541198738462
-20 -20 -33.522789701291
-15 -20 -34.5985857711533
-10 -20 -35.7736932826252
-5 -20 -36.9804548066913
0 -20 -38.2117892689232
5 -20 -39.4475476886732
10 -20 -40.6372954864502
15 -20 -41.7942193225523
20 -20 -42.9463714491297
25 -20 -44.1110129207416
-25 -15 -32.6598548757915
-20 -15 -33.7184631980584
-15 -15 -34.7857327457953
-10 -15 -35.9565466536744
-5 -15 -37.1544226721948
0 -15 -38.3732644714305
5 -15 -39.595379993458
10 -15 -40.7755706171074
15 -15 -41.9261852029842
20 -15 -43.0755220051681
25 -15 -44.2446781364856
-25 -10 -32.9305374497003
-20 -10 -33.9776952484845
-15 -10 -35.0317999496356
-10 -10 -36.1890321994871
-5 -10 -37.3716900089785
0 -10 -38.5738195557424
5 -10 -39.7763174175801
10 -10 -40.9465702407982
15 -10 -42.0941729418308
20 -10 -43.2416888778501
25 -10 -44.4185564639723
-25 -5 -33.2386675080947
-20 -5 -34.2735739029345
-15 -5 -35.3118393914222
-10 -5 -36.4501346748976
-5 -5 -37.613922963875
0 -5 -38.7969073263941
5 -5 -39.9763425982617
10 -5 -41.1364381594555
15 -5 -42.2829301712579
20 -5 -43.429198626044
25 -5 -44.6156208757509
-25 0 -33.5846823003784
-20 0 -34.6045886323561
-15 0 -35.6281699944174
-10 0 -36.7403102592042
-5 0 -37.8807148949993
0 0 -39.0426494434532
5 0 -40.20360619455
10 0 -41.354754173107
15 0 -42.4991259318716
20 0 -43.6445202462406
25 0 -44.8445407312468
-25 5 -33.9856871542998
-20 5 -34.9866037181229
-15 5 -35.9971775727239
-10 5 -37.0726857453199
-5 5 -38.1831544202302
0 5 -39.3212745658135
5 5 -40.4704066174004
10 5 -41.6143628747782
15 5 -42.7551489887681
20 5 -43.9002110705644
25 5 -45.1196990747475
-25 10 -34.4074690687898
-20 10 -35.3885353039797
-15 10 -36.3844013965619
-10 10 -37.4214759482453
-5 10 -38.5000977990835
0 10 -39.6130790515334
5 10 -40.7570823246186
10 10 -41.8981358769964
15 10 -43.0375769742357
20 10 -44.181244838896
25 10 -45.4217208090802
-25 15 -34.9229231544032
-20 15 -35.8802592740126
-15 15 -36.8537521056265
-10 15 -37.8442709487633
-5 15 -38.8824309598057
0 15 -39.9643019316814
5 15 -41.1333645973229
10 15 -42.2908522250957
15 15 -43.4390500469264
20 15 -44.5765357987127
25 15 -45.8448545811175
-25 20 -35.4383772400166
-20 20 -36.3719832440455
-15 20 -37.3231028146911
-10 20 -38.2670659492813
-5 20 -39.264764120528
0 20 -40.3155248118293
5 20 -41.5096468700271
10 20 -42.6835685731951
15 20 -43.840523119617
20 20 -44.9718267585294
25 20 -46.2679883531547
-25 25 -36.0642940210486
-20 25 -36.9698842784996
-15 25 -37.8880555415888
-10 25 -38.8028310490077
-5 25 -39.8114869916893
0 25 -40.8975553956812
5 25 -42.0510136975989
10 25 -43.1993857373612
15 25 -44.3515547744746
20 25 -45.5716234610022
25 25 -46.8802733274209
