-25 -25 -34.693
-20 -25 -35.866
-15 -25 -37.104
-10 -25 -38.351
-5 -25 -39.602
0 -25 -40.782
5 -25 -41.948
10 -25 -43.107
15 -25 -44.275
20 -25 -45.564
25 -25 -47.01
-25 -20 -34.797
-20 -20 -35.974
-15 -20 -37.208
-10 -20 -38.452
-5 -20 -39.699
0 -20 -40.87
5 -20 -42.03
10 -20 -43.185
15 -20 -44.349
20 -20 -45.621
25 -20 -47.033
-25 -15 -34.965
-20 -15 -36.139
-15 -15 -37.364
-10 -15 -38.596
-5 -15 -39.832
0 -15 -40.996
5 -15 -42.151
10 -15 -43.302
15 -15 -44.471
20 -15 -45.736
25 -15 -47.121
-25 -10 -35.151
-20 -10 -36.321
-15 -10 -37.534
-10 -10 -38.753
-5 -10 -39.976
0 -10 -41.132
5 -10 -42.282
10 -10 -43.43
15 -10 -44.608
20 -10 -45.867
25 -10 -47.228
-25 -5 -35.385
-20 -5 -36.543
-15 -5 -37.74
-10 -5 -38.943
-5 -5 -40.146
0 -5 -41.298
5 -5 -42.445
10 -5 -43.591
15 -5 -44.781
20 -5 -46.041
25 -5 -47.388
-25 0 -35.659
-20 0 -36.798
-15 0 -37.977
-10 0 -39.159
-5 0 -40.339
0 0 -41.488
5 0 -42.633
10 0 -43.778
15 0 -44.984
20 0 -46.25
25 0 -47.592
-25 5 -35.961
-20 5 -37.075
-15 5 -38.232
-10 5 -39.394
-5 5 -40.555
0 5 -41.7
5 5 -42.844
10 5 -43.988
15 5 -45.213
20 5 -46.491
25 5 -47.827
-25 10 -36.318
-20 10 -37.395
-15 10 -38.527
-10 10 -39.669
-5 10 -40.818
0 10 -41.958
5 10 -43.1
10 10 -44.244
15 10 -45.499
20 10 -46.793
25 10 -48.129
-25 15 -36.685
-20 15 -37.725
-15 15 -38.829
-10 15 -39.953
-5 15 -41.094
0 15 -42.231
5 15 -43.371
10 15 -44.514
15 15 -45.8
20 15 -47.112
25 15 -48.443
-25 20 -37.139
-20 20 -38.133
-15 20 -39.2
-10 20 -40.312
-5 20 -41.478
0 20 -42.627
5 20 -43.77
10 20 -44.907
15 20 -46.239
20 20 -47.565
25 20 -48.865
-25 25 -37.594
-20 25 -38.54
-15 25 -39.571
-10 25 -40.671
-5 25 -41.862
0 25 -43.023
5 25 -44.17
10 25 -45.3
15 25 -46.678
20 25 -48.019
25 25 -49.287
