-25 -25 -34.3463872346197
-20 -25 -35.4949246682478
-15 -25 -36.6837972831059
-10 -25 -37.9112577009424
-5 -25 -39.142065634122
0 -25 -40.3517815804353
5 -25 -41.5079364811454
10 -25 -42.6610932732792
15 -25 -43.8215528328738
20 -25 -44.9994062360963
25 -25 -46.3419093802823
-25 -20 -34.5395638827254
-20 -20 -35.6822158291923
-15 -20 -36.864148127171
-10 -20 -38.0789519404371
-5 -20 -39.2960417197373
0 -20 -40.4939356952568
5 -20 -41.6436072473615
10 -20 -42.7932741522827
15 -20 -43.9548556639694
20 -20 -45.1422325362222
25 -20 -46.4664635101373
-25 -15 -34.8245114899675
-20 -15 -35.9490089370485
-15 -15 -37.112012907606
-10 -15 -38.307975729165
-5 -15 -39.5029125847028
0 -15 -40.6841275391382
5 -15 -41.8327019045044
10 -15 -42.981149595428
15 -15 -44.1471000683868
20 -15 -45.3510077604449
25 -15 -46.6733965360014
-25 -10 -35.1094590972097
-20 -10 -36.2158020449046
-15 -10 -37.3598776880411
-10 -10 -38.536999517893
-5 -10 -39.7097834496682
0 -10 -40.8743193830197
5 -10 -42.0217965616473
10 -10 -43.1690250385733
15 -10 -44.3393444728042
20 -10 -45.5597829846677
25 -10 -46.8803295618656
-25 -5 -35.4666235558225
-20 -5 -36.5447644585856
-15 -5 -37.6580698658078
-10 -5 -38.8114761067453
-5 -5 -39.9681488150509
0 -5 -41.1218026925525
5 -5 -42.2658722859553
10 -5 -43.4120259907011
15 -5 -44.5912565865259
20 -5 -45.8409908897422
25 -5 -47.1647456561997
-25 0 -35.8405398765856
-20 0 -36.888148044353
-15 0 -37.9679362942027
-10 0 -39.0964962048698
-5 0 -40.2384591594254
0 0 -41.3825756805574
5 0 -42.522701754584
10 0 -43.6678141927562
15 0 -44.8570095867183
20 0 -46.1390007220924
25 0 -47.4671351965836
-25 5 -36.2748585743233
-20 5 -37.2862031488146
-15 5 -38.3264921063295
-10 5 -39.4237670639016
-5 5 -40.5664449102654
0 5 -41.7187844514547
5 5 -42.8633572865728
10 5 -44.0063194876584
15 5 -45.2063817867187
20 5 -46.5309064953173
25 5 -47.8505454657752
-25 10 -36.7519671785542
-20 10 -37.7229883379177
-15 10 -38.7195401732557
-10 10 -39.7809689653699
-5 10 -40.9352887427442
0 10 -42.108433008299
5 10 -43.2633963990184
10 10 -44.4034227524684
15 10 -45.6149910220815
20 10 -46.9893294940449
25 10 -48.2913519763622
-25 15 -37.265766136355
-20 15 -38.2002678674399
-15 15 -39.1656564591915
-10 15 -40.2203838847653
-5 15 -41.3735053728211
0 15 -42.5471569742085
5 15 -43.7029854464354
10 15 -44.8669216143824
15 15 -46.1041632341874
20 15 -47.4958120113389
25 15 -48.8135922728654
-25 20 -37.8450860778246
-20 20 -38.7498614729828
-15 20 -39.7065410308686
-10 20 -40.8066133556943
-5 20 -41.9356067163508
0 20 -43.073518936568
5 20 -44.2132020673484
10 20 -45.4489885578292
15 20 -46.7372033835007
20 20 -48.0881183658204
25 20 -49.4812555821763
-25 25 -38.4388842472627
-20 25 -39.3274977145605
-15 25 -40.2859116865306
-10 25 -41.421126790338
-5 25 -42.5240015639608
0 25 -43.6305566163713
5 25 -44.7683120696184
10 25 -46.0676960483315
15 25 -47.4001627943651
20 25 -48.7188154617784
25 25 -50.19070649403
