-25 -25 -28.630361036715
-20 -25 -29.6844736904338
-15 -25 -30.7482433539258
-10 -25 -31.8212456938074
-5 -25 -32.8997495125505
0 -25 -33.9784289291344
5 -25 -35.1217367821322
10 -25 -36.310213693275
15 -25 -37.5524112148741
20 -25 -38.7984735849297
25 -25 -40.0314064204597
-25 -20 -28.8743088085038
-20 -20 -29.9084691210379
-15 -20 -30.9591585977489
-10 -20 -32.0201924918494
-5 -20 -33.0877268410962
0 -20 -34.1575560143732
5 -20 -35.2956605145685
10 -20 -36.4796266926447
15 -20 -37.7105297199785
20 -20 -38.9446372011916
25 -20 -40.1662481002494
-25 -15 -29.1283620958882
-20 -15 -30.1433097701187
-15 -15 -31.1815441900174
-10 -15 -32.2306577968445
-5 -15 -33.2869792558404
0 -15 -34.3480293679995
5 -15 -35.4802642059571
10 -15 -36.6586480598659
15 -15 -37.8771544482843
20 -15 -39.0980309429204
25 -15 -40.3072496818413
-25 -10 -29.4444641146556
-20 -10 -30.4456814315234
-15 -10 -31.4683238318812
-10 -10 -32.5057323635197
-5 -10 -33.5521309575489
0 -10 -34.6000034512996
5 -10 -35.7187466506916
10 -10 -36.8830166134086
15 -10 -38.0850182784633
20 -10 -39.2872715803827
25 -10 -40.4797992344639
-25 -5 -29.7955065847987
-20 -5 -30.7860806883334
-15 -5 -31.7913646044501
-10 -5 -32.8171892496372
-5 -5 -33.8543914087926
0 -5 -34.8866093990528
5 -5 -35.9875689254194
10 -5 -37.1329207600791
15 -5 -38.3161043857407
20 -5 -39.4966980732111
25 -5 -40.6701138617822
-25 0 -30.1990814807514
-20 0 -31.1822442185488
-15 0 -32.163659464332
-10 0 -33.1703607653204
-5 0 -34.1915751050919
0 0 -35.2098153167313
5 0 -36.2888357114078
10 0 -37.4087236428494
15 0 -38.5706097866833
20 0 -39.7318341907603
25 0 -40.8897367428399
-25 5 -30.6772052183831
-20 5 -31.6575429100549
-15 5 -32.605850870976
-10 5 -33.5827295723388
-5 5 -34.5783184291152
0 5 -35.5849603048292
5 5 -36.6361445503956
10 5 -37.721279459592
15 5 -38.8583495412423
20 5 -40.0034548740495
25 5 -41.1509510092988
-25 10 -31.1766231477048
-20 10 -32.1485228883971
-15 10 -33.06778291972
-10 10 -34.0164414134086
-5 10 -34.9862892488687
0 10 -35.9795875674052
5 10 -37.0011187387855
10 10 -38.0496132503106
15 10 -39.1598127595203
20 10 -40.2927374174556
25 10 -41.435965621311
-25 15 -31.7686169686696
-20 15 -32.7076768144572
-15 15 -33.6155368475292
-10 15 -34.5429414868963
-5 15 -35.4865460014807
0 15 -36.4589134631726
5 15 -37.4428925303677
10 15 -38.4465413333325
15 15 -39.5209383452976
20 15 -40.6588043944858
25 15 -41.8244515574807
-25 20 -32.3606107896346
-20 20 -33.2668307405173
-15 20 -34.1632907753384
-10 20 -35.0694415603841
-5 20 -35.9868027540928
0 20 -36.93823935894
5 20 -37.8846663219499
10 20 -38.8434694163546
15 20 -39.882063931075
20 20 -41.024871371516
25 20 -42.2129374936504
-25 25 -33.0490428583016
-20 25 -33.926044502943
-15 25 -34.8151400534414
-10 25 -35.7048720008075
-5 25 -36.5988631988195
0 25 -37.5170569715202
5 25 -38.4329358015781
10 25 -39.3739718280179
15 25 -40.4546635589921
20 25 -41.5839122777492
25 25 -42.7356070355598
