-25 -25 -32.7033749043068
-20 -25 -33.7957794963519
-15 -25 -34.9382303440254
-10 -25 -36.1202027571831
-5 -25 -37.3674548263112
0 -25 -38.6177434640145
5 -25 -39.8572678054021
10 -25 -41.0341178391892
15 -25 -42.1998409811485
20 -25 -43.3620077929835
25 -25 -44.532540704629
-25 -20 -32.8184726032867
-20 -20 -33.9015797261153
-15 -20 -35.0430249543315
-10 -20 -36.2275013411721
-5 -20 -37.4705951275718
0 -20 -38.7171807412971
5 -20 -39.9523915251707
10 -20 -41.1206215228583
15 -20 -42.2807277533575
20 -20 -43.4387299602359
25 -20 -44.605065353075
-25 -15 -32.9524647406604
-20 -15 -34.0263935141405
-15 -15 -35.1657348530836
-10 -15 -36.3509226241197
-5 -15 -37.5880137433035
0 -15 -38.828766529364
5 -15 -40.0578315340288
10 -15 -41.217877009682
15 -15 -42.3727119879287
20 -15 -43.5273424394331
25 -15 -44.6924910194233
-25 -10 -33.1517774933046
-20 -10 -34.2169397308448
-15 -10 -35.3503803140185
-10 -10 -36.5300822462464
-5 -10 -37.7547944129287
0 -10 -38.982351353471
5 -10 -40.1989363420517
10 -10 -41.3523029263803
15 -10 -42.5030616427538
20 -10 -43.6570613265482
25 -10 -44.831431509195
-25 -5 -33.3510902459489
-20 -5 -34.4074859475492
-15 -5 -35.5350257749534
-10 -5 -36.7092418683731
-5 -5 -37.9215750825539
0 -5 -39.135936177578
5 -5 -40.3400411500746
10 -5 -41.4867288430785
15 -5 -42.6334112975789
20 -5 -43.7867802136633
25 -5 -44.9703719989668
-25 0 -33.653250858047
-20 0 -34.6940282095635
-15 0 -35.8038624280433
-10 0 -36.9592130683445
-5 0 -38.1527679974089
0 0 -39.3455726338986
5 0 -40.5302736223808
10 0 -41.6758557881689
15 0 -42.821336262528
20 0 -43.9766677068678
25 0 -45.1767319941276
-25 5 -33.9556188970822
-20 5 -34.9807640795512
-15 5 -36.0728688806915
-10 5 -37.2093270834292
-5 5 -38.3840908209932
0 5 -39.55532213699
5 5 -40.7206051769719
10 5 -41.8650930560879
15 5 -43.0093773472515
20 5 -44.166676550091
25 5 -45.3832279631585
-25 10 -34.3231536938313
-20 10 -35.3357920419113
-15 10 -36.4025695317478
-10 10 -37.5078356851717
-5 10 -38.6591866695744
0 10 -39.8129401760122
5 10 -40.965677816606
10 10 -42.1068809410764
15 10 -43.2497271923482
20 10 -44.4117647084148
25 10 -45.6569056017203
-25 15 -34.7099767430704
-20 15 -35.7110333026916
-15 15 -36.7502346337701
-10 15 -37.8206682618877
-5 15 -38.9472385894412
0 15 -40.0847264879353
5 15 -41.2269528868492
10 15 -42.3642229153906
15 15 -43.5055595412998
20 15 -44.6731554076951
25 15 -45.9504678724177
-25 20 -35.158727150655
-20 20 -36.143120690923
-15 20 -37.1494587019718
-10 20 -38.1795710208223
-5 20 -39.275378962288
0 20 -40.4077273224596
5 20 -41.557501475551
10 20 -42.6986333027175
15 20 -43.8388663779562
20 20 -45.011142862818
25 20 -46.3301743882563
-25 25 -35.6591277618156
-20 25 -36.6226203075104
-15 25 -37.5916852681078
-10 25 -38.5768983848739
-5 25 -39.6369549088907
0 25 -40.7734433734742
5 25 -41.9458272959386
10 25 -43.0973222145568
15 25 -44.2367904236913
20 25 -45.413015459149
25 25 -46.7817290810126
