-25 -25 -30.4892659157678
-20 -25 -31.5423395250402
-15 -25 -32.6093508000565
-10 -25 -33.6783438280969
-5 -25 -34.7676729374852
0 -25 -35.9434546721331
5 -25 -37.1574824935921
10 -25 -38.3892711836361
15 -25 -39.624760369571
20 -25 -40.8044589746453
25 -25 -41.9611771206993
-25 -20 -30.7174965797311
-20 -20 -31.7582390157642
-15 -20 -32.8136358802485
-10 -20 -33.8729118331079
-5 -20 -34.9542750930251
0 -20 -36.1257590795062
5 -20 -37.329853433484
10 -20 -38.5489757416467
15 -20 -39.7708088605021
20 -20 -40.9418531338517
25 -20 -42.0927694550161
-25 -15 -31.022054465754
-20 -15 -32.0478138494843
-15 -15 -33.0941510004722
-10 -15 -34.1411256191567
-5 -15 -35.2083660808146
0 -15 -36.3646859045944
5 -15 -37.5522198147536
10 -15 -38.7534507758837
15 -15 -39.9546377474255
20 -15 -41.1180419807071
25 -15 -42.2666185758538
-25 -10 -31.3532414537123
-20 -10 -32.3630925954631
-15 -10 -33.4012613176882
-10 -10 -34.4350330038647
-5 -10 -35.4860026260735
0 -10 -36.6233672038069
5 -10 -37.7920286453726
10 -10 -38.9735453694726
15 -10 -40.1516474889496
20 -10 -41.3077655490429
25 -10 -42.4552102779798
-25 -5 -31.7495951184442
-20 -5 -32.7350941336268
-15 -5 -33.7549318997312
-10 -5 -34.7735622062041
-5 -5 -35.8082999409873
0 -5 -36.9175877896622
5 -5 -38.0624449218674
10 -5 -39.2229918499301
15 -5 -40.3838020248356
20 -5 -41.5332115901732
25 -5 -42.6785052640253
-25 0 -32.2073235526305
-20 0 -33.1605178879528
-15 0 -34.1524535059631
-10 0 -35.1541167795669
-5 0 -36.1726593124145
0 0 -37.2452797082947
5 0 -38.3616876634702
10 0 -39.5000822947389
15 0 -40.6490563558665
20 0 -41.7923014910284
25 0 -42.9344842253066
-25 5 -32.692578321199
-20 5 -33.6187756848837
-15 5 -34.5830344747909
-10 5 -35.5659953065935
-5 5 -36.5656153355644
0 5 -37.5987014553179
5 5 -38.6835800788427
10 5 -39.7995067766839
15 5 -40.9473001314903
20 5 -42.0903518720376
25 5 -43.2322175592558
-25 10 -33.2456821691735
-20 10 -34.1579654189546
-15 10 -35.0951027672395
-10 10 -36.0550835844696
-5 10 -37.0290586406943
0 10 -38.0155441121266
5 10 -39.0613011960245
10 10 -40.153981954376
15 10 -41.3268588913276
20 10 -42.4844351165211
25 10 -43.6328703632427
-25 15 -33.8054074982498
-20 15 -34.7040514984639
-15 15 -35.6144116961672
-10 15 -36.5509898253508
-5 15 -37.4988748909823
0 15 -38.439892496118
5 15 -39.450383955474
10 15 -40.5229405704567
15 15 -41.7166144904759
20 15 -42.8863222399957
25 15 -44.0414827631688
-25 20 -34.4649012135363
-20 20 -35.3540474501836
-15 20 -36.2428180619916
-10 20 -37.1496249203675
-5 20 -38.0647147414359
0 20 -38.9773325399417
5 20 -40.0106569209082
10 20 -41.1101266876943
15 20 -42.2600097643206
20 20 -43.4057933905414
25 20 -44.5700254369337
-25 25 -35.1243949288227
-20 25 -36.0040434019034
-15 25 -36.8712244278161
-10 25 -37.7482600153842
-5 25 -38.6305545918895
0 25 -39.5147725837654
5 25 -40.5709298863423
10 25 -41.6973128049319
15 25 -42.8034050381654
20 25 -43.9252645410872
25 25 -45.0985681106985
