-25 -25 -26.6170458035586
-20 -25 -27.6172316925307
-15 -25 -28.6331751627462
-10 -25 -29.664283147442
-5 -25 -30.712150917479
0 -25 -31.7688965780632
5 -25 -32.8360193314561
10 -25 -33.9057307657359
15 -25 -35.0178093047933
20 -25 -36.1936251820527
25 -25 -37.4195636463427
-25 -20 -26.9397206108126
-20 -20 -27.9064064945647
-15 -20 -28.8923883933065
-10 -20 -29.9033656514378
-5 -20 -30.9377083441303
0 -20 -31.98230575779
5 -20 -33.0378142063617
10 -20 -34.098414754866
15 -20 -35.2034900734252
20 -20 -36.3750082416345
25 -20 -37.5892745648385
-25 -15 -27.323546929341
-20 -15 -28.2591869227666
-15 -15 -29.2205499001103
-10 -15 -30.2189772218401
-5 -15 -31.2377494454238
0 -15 -32.2688933555084
5 -15 -33.3153062159492
10 -15 -34.3626294905055
15 -15 -35.4534129247203
20 -15 -36.6099200118947
25 -15 -37.8072701176691
-25 -10 -27.7298854038321
-20 -10 -28.635382958311
-15 -10 -29.5740938433545
-10 -10 -30.5627620007652
-5 -10 -31.5652107701144
0 -10 -32.5824206628858
5 -10 -33.6206651689102
10 -10 -34.653177366373
15 -10 -35.7269856867724
20 -10 -36.8645377004251
25 -10 -38.0430410483455
-25 -5 -28.1818729904884
-20 -5 -29.0660559643579
-15 -5 -29.9903385170393
-10 -5 -30.974779214212
-5 -5 -31.9548129012169
0 -5 -32.9493865905328
5 -5 -33.9695062187297
10 -5 -34.9878821244804
15 -5 -36.0423983848865
20 -5 -37.1520587430082
25 -5 -38.3081498865419
-25 0 -28.678686677154
-20 0 -29.5502237704595
-15 0 -30.4681534837719
-10 0 -31.4537986931722
-5 0 -32.4054354962618
0 0 -33.3688276885161
5 0 -34.3610454225755
10 0 -35.365947656226
15 0 -36.3988966829026
20 0 -37.4718899219653
25 0 -38.6020676963518
-25 5 -29.20542765559
-20 5 -30.0689749493681
-15 5 -30.9802775928775
-10 5 -31.9568541459622
-5 5 -32.8838852570962
0 5 -33.8199622930139
5 5 -34.7844953045972
10 5 -35.7736475090022
15 5 -36.7823653399422
20 5 -37.8159283106015
25 5 -38.9171605114384
-25 10 -29.8098254421294
-20 10 -30.6774647643768
-15 10 -31.5814287514701
-10 10 -32.5222793254084
-5 10 -33.4345423158833
0 10 -34.3533367664719
5 10 -35.2907485832836
10 10 -36.2582439550019
15 10 -37.2358180106121
20 10 -38.2227807570947
25 10 -39.2871992713162
-25 15 -30.4228675188188
-20 15 -31.2926745243944
-15 15 -32.1877311201227
-10 15 -33.0930482272935
-5 15 -33.9907574290781
0 15 -34.8925128126272
5 15 -35.8030900004518
10 15 -36.7483728043176
15 15 -37.694777299407
20 15 -38.6360826768294
25 15 -39.6675962195824
-25 20 -31.1941328566893
-20 20 -32.0308847385645
-15 20 -32.8883201497501
-10 20 -33.7616274960759
-5 20 -34.6487059962588
0 20 -35.5378796201082
5 20 -36.4268674185392
10 20 -37.3397655954553
15 20 -38.2545285633328
20 20 -39.1674343926115
25 20 -40.2375872604052
-25 25 -31.9653981945598
-20 25 -32.7690949527346
-15 25 -33.5889091793775
-10 25 -34.4302067648583
-5 25 -35.3066545634394
0 25 -36.1832464275892
5 25 -37.0506448366266
10 25 -37.931158386593
15 25 -38.8142798272587
20 25 -39.6987861083936
25 25 -40.807578301228
