-25 -25 -31.3007485019453
-20 -25 -32.3854221231259
-15 -25 -33.4701939380913
-10 -25 -34.5776337556845
-5 -25 -35.752516590314
0 -25 -36.9803239841966
5 -25 -38.2261990706584
10 -25 -39.4759138490923
15 -25 -40.6634285176513
20 -25 -41.8297535867651
25 -25 -42.9872024187971
-25 -20 -31.440529598553
-20 -20 -32.5155074890068
-15 -20 -33.5909263077896
-10 -20 -34.6921059787613
-5 -20 -35.8695891222344
0 -20 -37.0940152465201
5 -20 -38.334745108185
10 -20 -39.5796318010114
15 -20 -40.7595593948911
20 -20 -41.9187857668411
25 -20 -43.0722542720988
-25 -15 -31.6555852623425
-20 -15 -32.7189672796719
-15 -15 -33.7848839267087
-10 -15 -34.8784164781032
-5 -15 -36.0516087329148
0 -15 -37.2655836876619
5 -15 -38.4935882809081
10 -15 -39.7248407026886
15 -15 -40.8965526396559
20 -15 -42.0502138508703
25 -15 -43.2008688119202
-25 -10 -31.8706409261319
-20 -10 -32.9224270703371
-15 -10 -33.9788415456278
-10 -10 -35.0647269774451
-5 -10 -36.2336283435952
0 -10 -37.4371521288038
5 -10 -38.6524314536312
10 -10 -39.8700496043659
15 -10 -41.0335458844208
20 -10 -42.1816419348995
25 -10 -43.3294833517417
-25 -5 -32.1761065317137
-20 -5 -33.2194189035535
-15 -5 -34.2625119126604
-10 -5 -35.332744881598
-5 -5 -36.4840754904403
0 -5 -37.6695405571129
5 -5 -38.8655364812439
10 -5 -40.0609777687981
15 -5 -41.2183302133295
20 -5 -42.3648777021426
25 -5 -43.5113274306402
-25 0 -32.4907918289126
-20 0 -33.5259488093704
-15 0 -34.555330873922
-10 0 -35.6090950228949
-5 0 -36.741500639583
0 0 -37.9081311963152
5 0 -39.0841749442147
10 0 -40.256568224735
15 0 -41.407988110887
20 0 -42.5533966368466
25 0 -43.6985996729183
-25 5 -32.8795190695341
-20 5 -33.8931017095235
-15 5 -34.9073562907795
-10 5 -35.9436923372698
-5 5 -37.0451286433164
0 5 -38.1869371069292
5 5 -39.342115871917
10 5 -40.4991102988055
15 5 -41.6447745298782
20 5 -42.7878486054008
25 5 -43.9324279198284
-25 10 -33.3029156277213
-20 10 -34.2886406533871
-15 10 -35.2871044728172
-10 10 -36.3055632434414
-5 10 -37.3703906205004
0 10 -38.484573371679
5 10 -39.6184597421664
10 10 -40.7636369465385
15 10 -41.9036283555372
20 10 -43.0438082068411
25 10 -44.1880554987733
-25 15 -33.7780691720761
-20 15 -34.7362910163831
-15 15 -35.7159095909849
-10 15 -36.7121826450618
-5 15 -37.7358915212685
0 15 -38.8175715926621
5 15 -39.9310506321011
10 15 -41.0811717882983
15 15 -42.2242560246146
20 15 -43.3653980945879
25 15 -44.506655013009
-25 20 -34.3152884433519
-20 20 -35.2464321337453
-15 20 -36.2035426013248
-10 20 -37.1724633609181
-5 20 -38.1496459666822
0 20 -39.1929750169129
5 20 -40.2871080720045
10 20 -41.4622727752038
15 20 -42.6189613937352
20 20 -43.7656902354848
25 20 -44.9007689501053
-25 25 -34.877901375126
-20 25 -35.7832280589606
-15 25 -36.7159864372025
-10 25 -37.6564077245702
-5 25 -38.5912134709551
0 25 -39.6112616959468
5 25 -40.6953115206118
10 25 -41.8798178429482
15 25 -43.0419355096548
20 25 -44.1965095521674
25 25 -45.3480939040902
