-123.264006  47.777616
-123.264006  47.867448
-123.264006  47.957280
-123.264006  48.047112
-123.196937  47.777616
-123.196937  47.822532
-123.196937  47.867448
-123.196937  47.912364
-123.196937  47.957280
-123.196937  48.002196
-123.196937  48.047112
-123.129868  47.777616
-123.129868  47.822532
-123.129868  47.867448
-123.129868  48.002196
-123.129868  48.047112
-123.062798  47.732699
-123.062798  47.777616
-123.062798  47.822532
-123.062798  47.912364
-123.062798  47.957280
-123.062798  48.002196
-122.995729  47.867448
-122.995729  47.912364
-122.995729  47.957280
-122.995729  48.002196
-122.995729  48.047112
-122.995729  48.092028
-122.928660  47.867448
-122.928660  47.912364
-122.928660  47.957280
-122.928660  48.002196
-122.928660  48.047112
-122.861591  47.822532
-122.861591  47.957280
-122.794522  47.732699
