-123.4034 41.7752
-122.3372 41.6898
-123.881  41.702
-123.514  41.355
-122.052  41.526
-121.695  41.342
-123.912  41.168
-123.305  40.222
-122.726  41.086
-122.4619 40.9591
-121.37   41.056
-122.498  40.104
-122.918  40.764
-121.896  41.006
-121.8966 41.0076
-121.684  40.81
-122.087  40.577
-121.722  40.536
-121.022  40.729
-120.984  40.477
-121.2376 40.3487
-121.5557 40.123
-121.455  40.396
-122.047  40.359
-121.802  40.295
-122.099  40.157
-123.155  40.453
-122.471  40.327
-123.1408 41.142
-123.565  40.843
-123.947  40.722
-123.859  40.5907
-123.802  40.483
-124.127  40.483
-123.748  40.483
-124.1638 40.2482
-123.654  40.285
-123.5032 40.101
-123.5943 40.1882
-123.361  39.885
-123.273  39.7145
-123.175  39.5703
-123.187  39.4928
-122.9595 39.4666
-122.968  39.196
-122.8106 39.1124
-122.7603 38.9063
-123.7194 39.8633
-123.475  39.622
-123.2191 39.3228
-123.5934 39.2229
-123.3779 39.0132
-123.0762 38.6639
-122.8731 39.887
-122.5676 39.9118
-121.833  39.83
-121.5364 39.949
-122.296  39.532
-121.919  39.534
-122.5224 39.3154
-122.1552 39.2751
-122.1416 39.0049
-120.6017 40.3453
-121.1723 40.1096
-121.527  39.719
-120.3973 40.1808
-120.1875 40.025
-120.6412 40.0112
-120.7136 39.8043
-121.0913 39.6818
-121.3469 39.2362
-121.1626 39.3837
-120.8459 39.4782
-120.2246 39.6502
-120.0408 39.4725
-120.1548 39.0516
