-122.830000  48.090000  0.144227  0.721136
-122.920000  48.080000  0.022765  0.113825
-122.900000  47.940000  0.017595  0.087974
-123.240000  47.700000  0.014304  0.071521
-122.950000  47.770000  0.013231  0.066157
-123.190000  47.770000  0.102859  0.514293
-122.890000  47.910000  0.022899  0.114496
-123.210000  47.780000  0.019779  0.098897
-122.980000  47.940000  0.079705  0.398526
-122.997559  47.915727  0.026467  0.132335
-122.994336  47.913851  0.120211  0.601053
-122.640000  47.890000  0.040287  0.201436
-123.203760  47.938481  0.025007  0.125035
-122.990000  47.950000  0.071303  0.356513
-122.980000  47.940000  0.045204  0.226018
-122.950000  48.010000  0.049225  0.246124
-122.890000  48.000000  0.017351  0.086756
-123.350000  48.210000  0.166141  0.830706
-122.942993  47.923547  0.024972  0.124862
-122.967855  47.917460  0.148054  0.740271
-122.987907  47.896269  0.036681  0.183403
-122.969059  47.982747  0.009644  0.048222
-123.244409  47.931421  0.027705  0.138524
-122.929126  48.015279  0.084703  0.423516
-123.254036  47.958101  0.030351  0.151757
-123.196370  47.992619  0.020864  0.104322
-123.174544  48.023482  0.017887  0.089435
-123.190348  48.006173  0.135893  0.679466
-123.400000  47.950000  0.010585  0.052924
-122.992179  48.035111  0.052594  0.262972
-123.276522  48.017509  0.027191  0.135955
-122.933179  48.054635  0.027287  0.136437
-123.215617  47.984831  0.014941  0.074705
-123.001123  47.913684  0.019368  0.096841
-123.157804  48.108748  0.301976  1.509882
-122.950000  48.290000  0.015505  0.077523
-123.121102  48.138855  0.030979  0.154893
-123.020000  48.300000  0.019987  0.099936
-123.146159  48.116121  0.014073  0.070364
-123.153223  48.109595  0.017469  0.087345
-123.135539  48.162105  0.025457  0.127284
-123.158765  48.167839  0.044246  0.221232
-123.137516  48.116418  0.036633  0.183163
-123.084814  48.149919  0.068661  0.343306
-123.119971  48.138981  0.027862  0.139310
-123.000000  47.960000  0.142778  0.713888
-123.000000  47.960000  0.092528  0.462640
-123.000000  47.900000  0.086488  0.432441
-123.020000  47.950000  0.009800  0.049000
-122.980000  47.940000  0.020305  0.101527
-122.920000  47.980000  0.007434  0.037169
-123.280000  47.730000  0.019351  0.096756
-123.010000  47.940000  0.137072  0.685359
-123.020000  48.040000  0.029182  0.145912
-123.400000  48.210000  0.026341  0.131706
-122.930000  48.000000  0.014600  0.073001
-123.250000  48.020000  0.012649  0.063243
-122.880000  48.010000  0.054664  0.273321
-122.950000  47.940000  0.063954  0.319768
-122.920000  47.990000  0.014562  0.072809
-122.960000  47.950000  0.069818  0.349092
-122.930000  47.960000  0.041998  0.209992
-122.970000  47.940000  0.012257  0.061285
-122.890000  47.960000  0.026280  0.131402
-122.930000  48.270000  0.022563  0.112814
-122.630000  47.890000  0.068813  0.344067
-122.680000  47.870000  0.103675  0.518376
-122.880000  47.990000  0.012014  0.060068
-122.890000  48.100000  0.025396  0.126981