-122.830000  48.090000  3.375273  0.337527
-122.920000  48.080000  3.229277  0.322928
-122.900000  47.940000  3.323868  0.332387
-123.240000  47.700000  3.575062  0.357506
-122.950000  47.770000  3.135549  0.313555
-123.190000  47.770000  3.233481  0.323348
-122.890000  47.910000  3.358330  0.335833
-123.210000  47.780000  3.600863  0.360086
-122.980000  47.940000  4.138559  0.413856
-122.997559  47.915727  3.231469  0.323147
-122.994336  47.913851  3.378017  0.337802
-122.640000  47.890000  3.360723  0.336072
-123.203760  47.938481  3.265569  0.326557
-122.990000  47.950000  3.229550  0.322955
-122.980000  47.940000  2.995936  0.299594
-122.950000  48.010000  4.890400  0.489040
-122.890000  48.000000  4.563469  0.456347
-123.350000  48.210000  3.740606  0.374061
-122.942993  47.923547  3.121991  0.312199
-122.967855  47.917460  5.080029  0.508003
-122.987907  47.896269  3.439620  0.343962
-122.969059  47.982747  3.502580  0.350258
-123.244409  47.931421  4.132642  0.413264
-122.929126  48.015279  4.388686  0.438869
-123.254036  47.958101  3.984162  0.398416
-123.196370  47.992619  4.524126  0.452413
-123.174544  48.023482  3.337109  0.333711
-123.190348  48.006173  4.758073  0.475807
-123.400000  47.950000  4.642032  0.464203
-122.992179  48.035111  3.776101  0.377610
-123.276522  48.017509  3.644597  0.364460
-122.933179  48.054635  4.808284  0.480828
-123.215617  47.984831  3.804352  0.380435
-123.001123  47.913684  2.854782  0.285478
-123.157804  48.108748  4.373069  0.437307
-122.950000  48.290000  3.078325  0.307832
-123.121102  48.138855  5.338289  0.533829
-123.020000  48.300000  4.199876  0.419988
-123.146159  48.116121  3.559931  0.355993
-123.153223  48.109595  3.992689  0.399269
-123.135539  48.162105  4.205356  0.420536
-123.158765  48.167839  3.322616  0.332262
-123.137516  48.116418  4.543142  0.454314
-123.084814  48.149919  4.892327  0.489233
-123.119971  48.138981  3.227453  0.322745
-123.000000  47.960000  3.622913  0.362291
-123.000000  47.960000  4.303528  0.430353
-123.000000  47.900000  3.532195  0.353220
-123.020000  47.950000  4.032714  0.403271
-122.980000  47.940000  2.702822  0.270282
-122.920000  47.980000  3.436041  0.343604
-123.280000  47.730000  3.566660  0.356666
-123.010000  47.940000  3.204588  0.320459
-123.020000  48.040000  3.434428  0.343443
-123.400000  48.210000  3.190574  0.319057
-122.930000  48.000000  3.525369  0.352537
-123.250000  48.020000  3.837450  0.383745
-122.880000  48.010000  3.379971  0.337997
-122.950000  47.940000  3.519451  0.351945
-122.920000  47.990000  4.138589  0.413859
-122.960000  47.950000  4.187547  0.418755
-122.930000  47.960000  4.535326  0.453533
-122.970000  47.940000  3.757067  0.375707
-122.890000  47.960000  3.851005  0.385101
-122.930000  48.270000  3.512247  0.351225
-122.630000  47.890000  3.323429  0.332343
-122.680000  47.870000  3.911938  0.391194
-122.880000  47.990000  3.531568  0.353157
-122.890000  48.100000  3.456413  0.345641