-123.195  48.180
-123.190  48.190
-123.200  48.180
-123.120  48.120
-123.100  48.140
-123.290  48.060
-123.105  48.100
-123.150  48.100
-123.190  48.180
-123.160  48.170
-123.170  48.140
-123.225  48.140
-123.270  48.100
-123.080  48.120
-123.290  48.070
-123.195  48.210
-123.180  48.110
-122.700  47.720
-122.715  47.670
-123.200  47.810
-123.590  48.270
-123.180  48.320
-123.260  48.200
-123.210  48.285
-123.220  48.230
-123.090  48.220
-123.100  48.215
-123.040  48.190
-123.120  48.230
-123.090  48.200
-123.090  48.240
-123.165  48.210
-123.090  48.210
-123.130  48.220
-123.090  48.210
-123.310  48.290
-123.040  48.260
-123.175  48.280
-123.175  48.115
-123.170  48.180
-123.130  48.190
-123.110  48.175
-123.080  48.270
-123.160  48.190
-123.110  48.270
-123.100  48.250
-123.300  48.220
-123.170  48.200
-123.170  48.210
-123.025  48.200
-123.100  48.200
-123.120  48.220
-123.000  48.310
-123.030  48.310
-123.270  48.250
-123.180  48.190
-123.020  48.350
-123.600  48.155
-123.580  48.220
-123.300  48.270
-123.080  48.090
-123.110  48.120
-123.120  48.130
-123.105  48.240
-123.085  48.195
-123.165  48.230
-123.420  48.190
-123.060  48.200
-123.100  48.210
-123.220  48.190
-123.130  48.190
-123.090  48.145
-123.150  48.160
-123.110  48.170
-123.175  48.195
-123.230  48.190
-123.005  48.200
-123.035  48.190
-123.370  48.210
-123.315  48.195
-123.235  48.200
-123.210  48.220
-123.040  48.210
-123.220  48.290
-123.180  48.230
-123.090  48.290
-123.100  48.260
-123.110  48.260
-123.200  48.220
-123.180  48.220
-123.075  48.210
-123.065  48.185
-123.175  48.230
-123.180  48.260
-123.170  48.240
-123.060  48.240
-123.160  48.230
-122.970  48.210
-123.090  48.220
-122.975  48.230
-123.050  48.210
-123.215  48.110
-122.900  48.245
-122.785  48.140
-122.960  48.210
-123.000  47.980
-123.000  48.115
-123.200  48.230
-122.885  48.270
-122.865  48.230
-123.380  48.230
-122.770  48.130
-122.900  48.170
-123.120  48.200
-123.050  48.220
-122.780  48.100
-123.395  48.225
-123.100  48.240
-122.920  48.120
-123.420  48.200
-123.240  48.210
-122.860  48.130
-122.910  48.190
-123.230  48.030
-123.130  48.210
-123.175  48.210
-123.100  48.220
-123.190  48.200
-122.795  48.160
-123.050  48.170
-123.205  48.180
-123.010  48.180
-123.040  48.180
-123.070  48.180
-123.190  48.170
-123.110  48.160
-123.010  47.990
-122.970  47.980
-122.930  48.010
-123.420  48.160
-123.000  47.960
-123.230  48.025
-123.125  48.070
-123.160  48.120
-123.280  48.010
-123.020  47.990
-123.020  48.020
-123.190  48.180
-123.230  48.030
-123.300  48.030
-123.310  48.070
-123.000  47.780
-123.050  47.920
-123.020  47.990
-123.320  48.090
-123.075  48.045
-123.160  47.960
-123.000  47.950
-123.110  47.990
-123.100  48.060
-123.150  48.010
-124.210  48.100
-123.240  48.080
-123.340  48.120
-123.030  48.150
-123.075  47.970
-123.000  47.900
-123.005  47.910
-123.020  47.830
-123.020  48.025
-123.155  47.790
-123.005  47.820
-123.150  48.195
-123.205  48.200
-123.100  48.030
-123.280  48.205
-124.200  48.110
-123.200  47.810
-123.100  48.000
-122.975  48.155
-122.980  48.170
-122.810  47.845
-123.080  47.870
-123.040  47.990
-123.030  47.970
-123.240  47.940
-122.920  48.020
-122.990  47.930
-123.090  47.915
-122.940  47.980
-123.070  47.890
-122.995  47.905
-122.895  47.915
-122.955  47.940
-122.970  47.910
-122.930  47.960
-122.900  47.940
-122.930  47.940
-122.970  47.910
-122.910  48.110
-122.930  48.090
-122.920  48.090
-123.020  48.180
-123.000  48.130
-123.000  48.190
-123.070  48.210
-122.920  48.200
-122.885  48.115
-122.870  48.100
-122.910  48.020
-122.900  48.020
-122.930  48.085
-122.960  48.100
-122.925  48.050
-122.940  48.040
-123.100  48.070
-123.005  48.035
-123.020  48.060
-122.920  48.000
-123.310  48.000
-123.170  47.900
-122.900  48.050
-123.070  48.080
-122.980  48.120
-123.030  48.160
-123.070  48.200
-122.980  48.160
-122.890  48.080
-123.090  47.920
-123.060  47.990
-123.025  47.975
-122.940  48.020
-122.990  48.035
-123.015  47.960
-122.910  47.980
-123.110  47.870
-123.000  47.970
-122.950  47.980
-122.830  47.890
-123.105  47.830
-122.880  48.095
-122.930  48.005
-122.880  48.080
-122.930  48.010
-122.960  48.080
-122.920  47.870
-122.820  47.990
-123.015  47.990
-122.825  47.830
-122.815  47.995
-122.930  47.940
-122.920  47.975
-123.080  47.875
-123.090  47.940
-123.100  47.870
-122.940  48.040
-122.800  47.780
-123.030  48.100
-123.000  48.100
-122.940  47.950
-122.910  47.920
-123.020  48.080
-123.130  48.015
-123.005  48.060
-123.055  47.980
-122.830  47.990
-123.020  47.980
-122.920  47.940
-122.990  48.010
-122.990  48.010
-122.900  48.070
-123.020  47.890
-122.935  48.025
-123.015  47.910
-122.990  47.950
-122.985  47.900
-122.970  47.980
-122.995  48.000
-122.990  48.000
-123.060  48.050
-123.010  47.990
-123.110  47.910
-123.090  47.950
-123.000  47.990
-123.080  47.935
-122.990  47.970
-123.110  47.980
-123.060  47.970
-123.090  48.000
-123.010  48.050
-122.990  48.060
-122.960  48.140
-123.030  48.160
-122.930  48.150
-123.050  48.110
-122.910  48.140
-122.950  48.120
-122.925  48.175
-122.900  48.180
-123.030  47.905
-123.070  47.890
-123.155  47.920
-122.975  47.900
-122.965  47.920
-122.830  48.020
-122.910  47.875
-122.980  47.830
-122.870  47.900
-122.990  47.975
-122.990  48.090
-123.040  47.980
-123.060  48.080
-123.100  47.930
-123.080  47.870
-123.070  47.830
-122.950  47.910
-122.920  47.940
-122.870  47.980
-122.870  47.980
-122.950  47.990
-122.880  48.100
-122.920  48.100
-122.860  48.005
-122.950  48.070
-123.040  48.010
-123.030  47.975
-123.140  48.070
-123.090  47.980
-123.100  48.070
-123.070  47.980
-122.980  47.960
-122.900  48.020
-122.860  48.000
-122.880  47.980
-123.045  48.030
-122.810  47.760
-122.900  48.020
-122.970  48.010
-122.920  47.990
-123.265  47.990
-123.070  48.025
-122.895  48.130
-123.100  48.090
-122.910  48.130
-122.955  48.110
-123.115  47.985
-122.880  48.120
-122.865  48.100
-123.055  47.925
-122.900  47.960
-122.900  47.910
-122.950  48.060
-122.955  48.005
-122.880  48.020
-122.860  48.020
-122.850  48.020
-122.820  48.120
-122.840  48.080
-122.900  48.040
-122.910  48.060
-123.005  47.990
-122.810  48.150
-122.770  47.950
-122.790  48.020
-122.770  48.020
-122.940  47.960
-122.930  47.990
-122.760  48.140
-122.830  48.100
-122.850  48.090
-122.870  48.080
-122.950  48.010
-123.040  48.030
-122.840  48.090
-122.800  48.070
-122.750  48.090
-122.930  48.070
-122.850  48.050
-122.800  48.105
-122.910  48.030
-122.840  48.030
-122.850  48.020
-122.850  48.100
-122.890  47.910
-122.850  48.080
-122.790  48.055
-122.795  48.050
-122.790  48.070
-122.980  48.030
-122.790  48.070
-122.770  48.010
-122.915  48.040
-122.910  48.040
-123.010  48.010
-122.785  48.030
-122.810  48.040
-122.860  48.010
-122.810  47.970
-123.010  47.990
-122.790  48.030
-122.880  48.040
-122.920  48.030
-122.940  48.020
-122.800  47.990
-122.790  48.040
-123.000  48.000
-122.750  48.070