-123.930  48.900
-123.920  48.900
-124.090  48.890
-124.120  48.900
-124.140  48.890
-123.920  48.870
-123.810  48.880
-123.880  48.950
-123.960  48.930
-123.910  48.970
-123.930  48.915
-123.895  48.890
-123.820  48.810
-123.930  48.880
-123.960  48.880
-123.940  48.880
-123.760  48.850
-123.720  48.830
-123.820  48.910
-123.940  48.880
-123.950  48.870
-123.930  48.900
-123.725  48.730
-123.830  48.910
-123.790  48.840
-123.920  48.900
-123.720  48.860
-123.830  48.910
-123.790  48.800
-123.930  48.900
-123.870  48.920
-123.830  48.920
-123.850  48.910
-123.890  48.900
-123.800  48.910
-124.020  48.900
-124.060  48.860
-123.970  48.835
-123.970  48.880
-123.790  48.970
-123.970  48.915
-123.990  48.880
-123.890  48.920
-123.970  48.900
-123.850  48.960
-123.960  48.880
-123.760  48.970
-123.890  48.920
-123.730  48.830
-123.820  48.925
-123.810  48.940
-123.880  48.930
-123.815  48.970
-123.875  48.920
-123.950  48.960
-123.850  48.890
-123.800  48.880
-123.930  48.880
-123.835  48.960
-124.020  48.910
-123.690  48.970
-123.770  48.890
-123.800  48.900
-123.730  48.930
-123.730  48.880
-123.820  48.910
-123.830  48.915
-123.780  48.930
-123.740  48.970
-123.830  48.945
-123.900  48.920
-123.990  48.900
-123.720  48.970
-123.680  48.910
-123.810  48.930
-123.900  48.930
-123.890  48.880
-123.670  48.895
-123.770  48.890
-123.770  48.900
-123.730  48.905
-123.750  48.920
-123.810  48.860
-123.800  48.890
-123.855  48.945
-123.775  48.980
-123.750  48.950
-123.820  48.910
-123.860  48.915
-123.950  48.930
-123.790  48.930
-123.760  48.960
-123.790  48.920
-123.810  48.930
-123.740  48.880
-123.570  48.970
-123.670  48.930
-123.680  48.940
-123.780  48.920
-123.740  48.900
-123.970  48.860
-123.820  48.880
-123.570  48.880
-123.620  48.890
-123.770  48.980
-123.710  48.980
-123.720  48.900
-123.710  48.900
-123.610  48.920
-123.700  48.900
-123.720  48.890
-123.750  48.915
-123.600  48.875
-123.590  49.010
-123.690  48.980
-123.700  48.915
-123.805  48.905
-123.765  48.980
-123.750  48.980
-124.000  48.870
-124.020  48.915
-123.710  48.870
-123.720  48.840
-123.710  48.940
-123.750  48.890
-123.670  48.910
-123.710  48.860
-123.700  48.955
-123.750  48.925
-123.740  48.980
-123.770  48.950
-123.700  48.910
-123.680  48.900
-123.775  48.990
-123.890  48.930
-123.800  48.970
-123.810  48.930
-123.890  48.900
-123.670  48.880
-123.630  48.910
-123.775  48.960
-123.910  48.890
-123.660  49.000
-123.700  48.970
-123.800  48.980
-123.755  48.980
-123.620  48.970
-123.615  48.970
-123.770  48.970
-123.730  48.970
-123.730  48.980
-123.730  48.960
-123.800  48.950
-123.680  48.985
-123.750  48.900
-123.710  48.840
-123.700  48.975
-123.650  48.975
-123.600  49.000
-123.780  48.920
-123.775  48.990
-123.710  48.950
-123.765  48.900
-123.720  48.910
-123.740  48.930
-123.720  48.920
-123.630  49.000
-123.720  48.960
-123.695  48.965
-123.690  48.980
-123.690  48.990
-123.610  49.000
-123.690  48.950
-123.705  48.950
-123.600  48.960
-123.670  48.910
-123.695  48.910
-123.700  48.880
-123.800  48.990
-123.585  48.960
-123.600  49.000
-123.710  48.930
-123.610  48.990
-123.720  48.950
-123.720  48.950
-123.610  49.000
-123.680  48.940
-123.580  48.980
-123.570  49.000
-123.590  49.000
-123.830  48.870
-123.600  49.010
-123.700  48.970
-123.600  48.975
-123.780  48.980
-123.530  48.980
-123.510  48.960
-123.600  48.960
-123.610  48.990
-123.760  48.890
-123.570  49.010
-123.610  49.000
-123.650  48.950
-123.700  48.890
-123.520  48.900
-123.690  48.880
-123.700  48.870
-123.600  48.940
-123.705  48.980
-123.900  48.920
-123.705  48.860
-123.740  48.760
-123.550  48.870
-123.600  48.870
-123.690  48.890
-123.670  48.790
-123.680  48.830
-123.735  48.935
-123.680  48.870
-123.580  48.875
-123.690  48.850
-123.670  48.880
-123.400  48.900
-123.560  48.920
-123.900  48.950
-123.670  48.900
-123.660  48.910
-123.660  48.920
-123.880  48.900
-123.720  48.880
-123.420  48.810
-123.505  48.900
-123.600  48.920
-123.590  48.920
-123.710  48.915
-123.780  48.840
-123.575  48.890
-123.600  48.850
-123.590  48.870
-123.690  48.880
-123.610  49.000
-123.630  48.980
-123.660  48.910
-123.605  48.890
-123.600  48.860
-123.580  48.860
-123.610  48.890
-123.640  48.780
-123.650  48.780
-123.600  48.890
-123.605  48.910
-123.570  48.920
-123.590  48.940
-123.600  48.910
-123.440  48.830
-123.860  48.930
-123.630  48.930
-123.600  48.920
-123.610  48.855
-123.590  48.820
-123.600  48.820
-123.610  48.870
-123.610  48.830
-123.600  48.850
-123.620  48.900
-123.500  48.930
-123.490  48.910
-123.595  48.970
-123.590  48.910
-123.650  48.930
-123.850  48.920
-123.640  48.900
-123.615  48.920
-123.550  48.920
-123.550  48.890
-123.555  48.890
-123.570  48.810
-123.530  48.860
-123.525  48.910
-123.600  48.870
-123.600  48.850
-123.610  48.890
-123.590  48.880
-123.610  48.880
-123.610  48.880
-123.580  48.865
-123.390  48.860
-123.500  48.970
-123.670  48.710
-123.400  48.810
-123.350  48.860
-123.590  48.890
-123.610  48.890
-123.485  48.875
-123.530  48.890
-123.550  48.890
-123.410  48.760
-123.560  48.770
-123.390  48.840
-123.395  48.890
-123.600  48.960
-123.500  48.885
-123.620  48.880
-123.570  48.900
-123.375  48.910
-123.380  48.900
-123.405  48.870
-123.360  48.930
-123.390  48.870
-123.600  48.860
-123.570  48.890
-123.370  48.920
-123.440  48.970
-123.450  48.960
-123.455  48.930
-123.740  48.950
-123.370  49.010
-123.495  48.905
-123.370  48.795
-123.400  48.790
-123.585  48.755
-123.500  48.850
-123.410  48.880
-123.450  48.910
-123.525  48.800
-123.510  48.920
-123.590  48.900