-122.560  48.300
-122.725  47.910
-122.595  47.800
-122.710  47.890
-122.725  47.900
-122.630  48.290
-122.630  48.290
-122.700  47.790
-122.650  47.785
-122.650  47.810
-122.700  47.910
-122.630  47.790
-122.605  47.790
-122.690  47.800
-122.690  47.800
-122.670  47.800
-122.615  47.770
-122.690  47.700
-122.610  47.790
-122.800  47.935
-122.740  47.910
-122.690  47.840
-123.500  48.750
-123.650  48.870
-123.900  48.960
-123.795  48.970
-124.020  48.910
-123.550  48.720
-123.550  48.720
-123.475  48.700
-123.900  48.930
-123.900  48.920
-123.770  48.770
-123.950  48.900
-123.590  48.840
-123.500  48.750
-123.900  48.960
-123.640  48.870
-123.810  48.970
-123.635  48.870
-123.650  48.860
-123.990  48.870
-124.000  48.890
-123.840  48.890
-123.710  48.800
-123.740  48.780
-123.800  48.760
-123.855  48.805
-123.750  48.815
-123.710  48.820
-123.710  48.870
-123.830  48.810
-123.720  48.830
-123.690  48.790
-123.810  48.790
-123.775  48.840
-123.800  48.840
-123.695  48.805
-123.710  48.795
-123.725  48.810
-123.700  48.770
-123.745  48.880
-123.730  48.810
-123.630  48.890
-123.800  48.890
-123.785  48.880
-123.825  48.880
-123.790  48.905
-123.890  48.820
-123.830  48.790
-123.775  48.940
-123.820  48.820
-123.775  48.825
-123.810  48.850
-123.700  48.690
-123.775  48.860
-123.635  48.750
-123.780  48.860
-123.640  48.885
-123.780  48.890
-123.700  48.910
-123.790  48.790
-123.840  48.800
-123.880  48.810
-123.760  48.910
-123.790  48.920
-123.870  48.945
-123.865  48.890
-123.780  48.880
-123.690  48.840
-123.800  48.875
-123.700  48.825
-123.870  48.870
-123.830  48.810
-123.860  48.810
-123.820  48.740
-123.990  48.915
-123.720  48.810
-123.730  48.880
-123.740  48.850
-123.830  48.965
-123.750  48.910
-123.520  48.730
-123.730  48.970
-123.775  48.980
-123.880  48.910
-123.870  48.920
-123.720  48.805
-123.850  48.920
-123.920  48.900
-123.810  48.990
-123.880  48.970
-123.920  48.920
-123.865  48.870
-123.870  48.860
-123.710  48.830
-123.880  48.885
-123.920  48.900
-123.870  48.910
-123.845  48.915
-123.880  48.940
-123.750  48.800
-123.870  48.960
-123.900  48.945
-123.870  48.970
-123.810  48.930
-123.705  48.815
-123.830  48.940
-123.775  48.880
-123.870  48.910
-123.920  48.905
-123.910  48.910
-123.880  48.930
-123.880  48.960
-123.910  48.950
-123.830  48.955
-123.850  48.930
-123.730  48.930
-123.960  48.920
-123.910  48.915
-123.900  48.910
-123.750  48.690
-123.840  48.790
-123.910  48.970
-123.790  48.925
-123.875  48.970
-123.800  48.940
-123.805  48.910
-123.840  48.980
-123.910  48.970
-123.890  48.780
-123.800  48.870
-123.970  48.920
-123.720  48.870
-123.930  48.950
-123.710  48.900
-124.000  48.900
-123.970  48.870
-123.880  48.950
-123.880  48.960
-123.835  48.940
-123.870  48.960
-123.915  48.920
-123.775  48.890
-123.750  48.900
-123.920  48.920
-123.910  48.910
-123.810  48.970
-123.855  48.950
-123.640  48.810
-123.870  48.920
-123.830  48.980
-123.870  48.970
-123.860  48.970
-123.780  48.820
-123.740  48.915
-123.700  48.880
-123.690  48.630
-123.765  48.900
-123.720  48.835
-123.770  48.895
-123.690  48.750
-123.830  48.900
-123.615  48.825
-123.815  48.920
-123.620  48.730
-123.850  48.890
-123.850  48.880
-123.900  48.970
-123.880  48.950
-123.885  48.930
-123.510  48.790
-123.680  48.910
-123.605  48.845
-123.680  48.880
-123.900  48.970
-123.880  48.930
-123.640  48.865
-123.560  48.780
-123.870  48.935
-123.890  48.930
-123.840  48.910
-123.675  48.640
-123.980  48.910
-123.990  48.910
-123.765  48.870
-123.805  48.920
-123.760  48.890
-123.860  48.960
-123.810  48.965
-123.660  48.890
-123.750  48.900
-123.510  48.750
-123.730  48.870
-123.860  48.920
-123.695  48.795
-123.480  48.705
-123.685  48.790
-123.710  48.930
-123.735  48.900
-123.770  48.970
-123.780  48.830
-123.765  48.870
-123.790  48.875
-123.780  48.740
-123.690  48.880
-123.630  48.955
-123.630  48.810
-123.490  48.750
-123.785  48.910
-123.720  48.750
-123.820  48.925
-123.600  48.900
-123.800  48.950
-123.840  48.960
-123.830  48.940
-123.810  48.910
-123.650  48.710
-123.820  48.890
-123.590  48.690
-123.770  48.900
-123.555  48.665
-123.825  48.945
-123.890  48.890
-123.890  48.920
-123.760  48.970
-123.670  48.850
-123.650  48.880
-123.620  48.920
-123.680  48.900
-123.640  48.895
-123.710  48.855
-123.430  48.710
-123.680  48.855
-123.655  48.845
-123.690  48.800
-123.830  48.920
-123.550  48.820
-123.830  48.900
-123.880  48.860
-123.600  48.920
-123.730  48.940
-123.800  48.960
-123.900  48.810
-123.750  48.935
-123.700  48.910
-123.630  48.860
-123.860  48.890
-123.800  48.910
-123.620  48.775
-123.810  48.900
-123.560  48.735
-123.830  48.910
-123.530  48.710
-123.980  48.910
-123.920  48.815
-123.910  48.870
-123.980  48.840
-123.670  48.890
-123.900  48.880
-123.800  48.860
-123.790  48.840
-123.800  48.870
-123.710  48.890
-123.845  48.880
-123.490  48.660
-123.775  48.780
-123.690  48.870
-123.720  48.880
-123.710  48.810
-123.590  48.715
-123.770  48.840
-123.730  48.810
-123.590  48.970
-123.590  48.970
-123.810  48.920
-123.840  48.920
-123.850  48.930
-123.780  48.880
-123.790  48.910
-123.690  48.830
-123.820  48.900
-123.840  48.880
-123.830  48.870
-123.900  48.870
-123.850  48.870
-123.880  48.870
-123.850  48.880
-123.860  48.890
-123.510  48.640
-123.680  48.890
-123.480  48.790
-123.700  48.850
-123.605  48.825
-123.700  48.820
-123.700  48.870
-123.700  48.750
-123.550  48.890
-123.610  48.880
-123.600  48.850
-123.605  48.880
-123.660  48.930
-123.660  48.880
-123.610  48.840
-123.580  48.880
-123.605  48.880
-123.600  48.860
-123.610  48.870
-123.680  48.875
-123.680  48.870
-123.680  48.790
-123.650  48.800
-123.640  48.810
-123.830  48.870
-123.805  48.860
-123.640  48.810
-123.880  48.820
-123.730  48.810
-123.600  48.840
-123.800  48.870
-123.600  48.700
-123.790  48.870
-123.800  48.865
-123.815  48.870
-123.780  48.880
-123.780  48.880
-123.750  48.790
-123.750  48.860
-123.770  48.870
-123.605  48.755
-123.820  48.885
-123.700  48.850
-123.690  48.830
-123.690  48.870
-123.520  48.690
-123.745  48.840
-123.720  48.820
-123.915  48.790
-123.880  48.960
-123.785  48.830
-123.760  48.785
-123.720  48.770
-123.660  48.810
-123.680  48.820
-123.800  48.950
-123.700  48.880
-123.500  48.720
-123.705  48.880
-123.560  48.720
-123.670  48.890
-123.510  48.750
-123.620  48.890
-123.545  48.830
-123.580  48.900
-123.550  48.900
-123.640  48.830
-123.630  48.810
-123.600  48.825
-123.710  48.870
-123.580  48.870
-123.680  48.900
-123.690  48.880
-123.620  48.775
-123.700  48.780
-123.655  48.830
-123.700  48.810
-123.710  48.805
-123.700  48.800
-123.420  48.690
-123.710  48.860
-123.730  48.880
-123.765  48.790
-123.690  48.780
-123.720  48.770
-123.675  48.800
-123.610  48.770
-123.670  48.890
-123.795  48.950
-123.660  48.890
-123.740  48.930
-123.610  48.905
-123.600  48.910
-123.460  48.730
-123.680  48.790
-123.720  48.820
-123.740  48.780
-123.735  48.800
-123.770  48.820
-123.620  48.990
-123.710  48.940
-123.850  48.930
-123.670  48.900
-123.740  48.760
-123.860  48.760
-123.560  48.900
-123.670  48.780
-123.670  48.900
-123.680  48.800
-123.660  48.835
-123.640  48.830
-123.670  48.810
-123.740  48.800
-123.590  48.795
-123.630  48.830
-123.640  48.910
-123.660  48.800
-123.590  48.820
-123.550  48.770
-123.540  48.950
-123.580  48.890
-123.785  48.820
-123.840  48.820
-123.930  48.780
-123.910  48.420
-123.700  48.830
-123.820  48.740
-123.895  48.810
-123.790  48.880
-123.765  48.890
-123.780  48.880
-123.780  48.880
-123.890  48.910
-123.790  48.820
-123.700  48.750
-123.775  48.790
-123.800  48.780
-123.800  48.890
-123.690  48.750
-123.760  48.880
-123.780  48.860
-123.790  48.880
-123.765  48.820
-123.800  48.910
-123.755  48.900
-123.740  48.825
-123.720  48.845
-123.770  48.920
-123.800  48.890
-123.810  48.910
-123.765  48.910
-123.750  48.900
-123.780  48.810
-123.790  48.775
-123.840  48.890
-123.790  48.885
-123.825  48.890
-123.840  48.900
-123.790  48.870
-123.800  48.885
-123.790  48.890
-123.800  48.910
-123.870  48.950
-123.720  48.910
-123.720  48.910
-123.725  48.880
-123.720  48.890
-123.785  48.980
-123.850  48.960
-123.780  48.915
-123.715  48.890
-123.690  48.880
-123.620  48.885
-123.760  48.890
-123.770  48.910
-123.760  48.905
-123.755  48.900
-123.850  48.970
-123.690  48.910
-123.760  48.900
-123.700  48.890
-123.720  48.930
-123.840  48.860
-123.560  48.915
-123.800  48.920
-123.800  48.930
-123.720  48.970
-123.660  48.910
-123.815  48.920
-123.810  48.930
-123.720  48.930
-123.900  48.970
-123.790  48.940
-123.635  48.890
-123.770  48.900
-123.770  48.960
-123.805  48.910
-123.590  48.980
-123.560  48.885
-123.630  48.900